 -0.99865807  0.04129765  0.03125     
   0.70570757 -0.70227329  0.09375     
  -0.0456241   0.98666326  0.15625     
  -0.62519177 -0.74918869  0.21875     
   0.95106443  0.12796437  0.28125     
  -0.77083622  0.53632776  0.34375     
   0.20055373 -0.89148143  0.40625     
   0.43917522  0.76641931  0.46875     
  -0.80713571 -0.25749831  0.53125     
   0.73045375 -0.33748816  0.59375     
  -0.29129989  0.6960462   0.65625     
  -0.23531525 -0.65423633  0.71875     
   0.55255141  0.29040554  0.78125     
  -0.51900798  0.13680884  0.84375     
   0.22863492 -0.35557983  0.90625     
   0.24803919  0.          0.96875     
