   -0.79052666 -0.61222828  0.015625    
    0.99549019 -0.08247433  0.046875    
   -0.67700379  0.73182126  0.078125    
    0.00484901 -0.99398873  0.109375    
    0.6652086   0.73329539  0.140625    
   -0.98091497 -0.09091098  0.171875    
    0.77995342 -0.59195684  0.203125    
   -0.17399822  0.95644811  0.234375    
   -0.5134725  -0.81595916  0.265625    
    0.92095681  0.25239608  0.296875    
   -0.84042821  0.43129388  0.328125    
    0.32439366 -0.87499621  0.359375    
    0.34708658  0.85260953  0.390625    
   -0.8193032  -0.38828308  0.421875    
    0.85187811 -0.26264313  0.453125    
   -0.44234902  0.75479017  0.484375    
   -0.17989021 -0.83771736  0.515625    
    0.68253647  0.48484194  0.546875    
   -0.80968437  0.1009094   0.578125    
    0.51392202 -0.60377667  0.609375    
    0.02798307  0.76734383  0.640625    
   -0.51988259 -0.52754723  0.671875    
    0.7101386   0.03630986  0.703125    
   -0.52324379  0.43233008  0.734375    
    0.08888949 -0.63711617  0.765625    
    0.34262268  0.49759415  0.796875    
   -0.54626889 -0.1256952   0.828125    
    0.44490261 -0.25206403  0.859375    
   -0.14032269  0.4325467   0.890625    
   -0.16080304 -0.35254626  0.921875    
    0.27854585  0.11817337  0.953125    
    0.17608481  0.          0.984375    
