  -0.20994099 -0.97765857  0.01041667 
    0.81484889  0.57883048  0.03125    
   -0.9909764   0.12350348  0.05208333 
    0.64644408 -0.75946903  0.07291667 
    0.03628272  0.99493442  0.09375    
   -0.69729063 -0.7075708   0.11458333 
    0.98949614  0.0505936   0.13541667 
   -0.76143156  0.62913267  0.15625    
    0.13599629 -0.97475458  0.17708333 
    0.55590238  0.80734227  0.19791667 
   -0.95093208 -0.21880725  0.21875    
    0.84472213 -0.47858579  0.23958333 
   -0.29793176  0.91837891  0.26041667 
   -0.39823785 -0.87310082  0.28125    
    0.87757088  0.37231036  0.30208333 
   -0.89212464  0.31597224  0.32291667 
    0.44093001 -0.82910594  0.34375    
    0.232951    0.90156133  0.36458333 
   -0.77369995 -0.50283435  0.38541667 
    0.90130375 -0.15037448  0.40625    
   -0.55713276  0.7121818   0.42708333 
   -0.06947187 -0.89137216  0.44791667 
    0.64548821  0.6030078   0.46875    
   -0.87191501 -0.00850719  0.48958333 
    0.63972064 -0.57465845  0.51041667 
   -0.08229902  0.84320834  0.53125    
   -0.50082965 -0.66661357  0.55208333 
    0.80565333  0.15062938  0.57291667 
   -0.68310862  0.42523353  0.59375    
    0.21221212 -0.7597719   0.61458333 
    0.34919568  0.68870025  0.63541667 
   -0.70619974 -0.26574022  0.65625    
    0.6829389  -0.27413978  0.67708333 
   -0.30986383  0.64567541  0.69791667 
   -0.20160035 -0.66539893  0.71875    
    0.57902306  0.34314543  0.73958333 
   -0.63561825  0.1332514   0.76041667 
    0.36397133 -0.50712258  0.78125    
    0.07096614  0.59298072  0.80208333 
   -0.43085157 -0.37037155  0.82291667 
    0.53646887 -0.01694356  0.84375    
   -0.35962049  0.35095408  0.86458333 
    0.02599861 -0.46407047  0.88541667 
    0.26767519  0.32720167  0.90625    
   -0.37100225 -0.05360804  0.92708333 
    0.26322092 -0.17935646  0.94791667 
   -0.05679836  0.24144851  0.96875    
    0.1439612   0.          0.98958333 
