1080     0.113008198306        6.478343185499  
   0      0.407486067025    -0.186911943253    -0.893878644252
   1      0.000360245789     0.846612920379    -0.532209012766
   2      0.433085706059    -0.049056519592     0.900016793784
   3      0.547617592539     0.822387470796     0.154252456122
   4      0.175409962226    -0.916036361740     0.360705876195
   5      0.741059501852    -0.322053027928     0.589162678653
   6      0.382846065048     0.217205839340     0.897914535930
   7     -0.233686454703     0.168149487310    -0.957661939729
   8     -0.555511300234     0.732499704094    -0.393511599339
   9     -0.059147963308    -0.303663374170     0.950941677299
  10     -0.757792124395    -0.596008968841     0.265564314746
  11     -0.321578220509    -0.681756929991     0.657111053403
  12      0.603632034217    -0.247636214008     0.757828920521
  13      0.559739814499     0.407863898599    -0.721344841448
  14     -0.843810575177     0.436997554800    -0.311475280428
  15     -0.304550162389    -0.555620515562    -0.773650464535
  16     -0.615457187975    -0.233901118560     0.752663747304
  17      0.572484410239    -0.207088405393    -0.793332208085
  18      0.962189510091     0.076669502586     0.261367813713
  19      0.305968143002    -0.616177481700    -0.725747067865
  20     -0.853274005390    -0.040824031442    -0.519862356959
  21     -0.393284478255     0.783156062097    -0.481657452517
  22      0.021159511982    -0.856035779856     0.516483318859
  23     -0.740905849132     0.208742319829    -0.638345648246
  24      0.396098066553     0.862142812111     0.315936850017
  25     -0.615277415435    -0.741972614972     0.266289956038
  26      0.851118852104     0.418779176838     0.316576532043
  27      0.319119140317     0.746468267116     0.583907612959
  28     -0.807399906991     0.504720784214     0.305552483502
  29      0.781256121893    -0.497718401255    -0.376716425256
  30     -0.092893073548     0.627135469115    -0.773351136461
  31      0.454148901613    -0.363849053443    -0.813242055892
  32      0.936296695314    -0.290213540805    -0.197799390993
  33      0.118307243507     0.726057929556    -0.677379715567
  34      0.807615355771     0.582058965747    -0.094682614651
  35     -0.598806101295    -0.441778090198     0.668029469465
  36      0.750868760978    -0.645692695016    -0.138841807066
  37     -0.061840745220     0.866666776001     0.495039818203
  38     -0.547022371809     0.318363157833     0.774216652156
  39      0.055915582138    -0.757505820031    -0.650429381480
  40      0.006062543243    -0.820798494418    -0.571185676580
  41      0.891596164151    -0.387159284247    -0.234870110257
  42      0.434090492124    -0.272137319037     0.858782116858
  43     -0.987463672458     0.130031576810    -0.089483432026
  44      0.536895028915     0.831586807647    -0.142151712173
  45     -0.340182479552    -0.630921837522    -0.697290122936
  46     -0.176890428033    -0.953363592166    -0.244556000955
  47      0.017387302634     0.354953192867     0.934722371927
  48     -0.184699735236     0.866254451996    -0.464208177655
  49     -0.503962189564    -0.753135446861     0.422858262507
  50      0.837927394775     0.185343865171    -0.513347185371
  51     -0.326771825297     0.528730610022     0.783367165650
  52     -0.708890710541     0.420203259429    -0.566483169453
  53      0.710373614227     0.358224509381    -0.605842000103
  54      0.612005283945    -0.786811829719    -0.079854098436
  55      0.576730357577     0.816071518196    -0.037541601438
  56     -0.641519260788    -0.175211197656    -0.746829347478
  57     -0.872289627621     0.398374076129     0.283564632868
  58      0.031894556802    -0.970130382377     0.240478228611
  59     -0.099662381175    -0.638761595876    -0.762922691636
  60     -0.420326431661     0.152167980723    -0.894522552254
  61     -0.606305640867     0.576245483568    -0.548027930420
  62     -0.123524234081     0.331076890331    -0.935483755222
  63     -0.741900991950    -0.308792521910    -0.595172325092
  64     -0.961067536880     0.273465942251     0.039567258985
  65     -0.617023418371     0.464705603299     0.635083304334
  66      0.797157023281    -0.353435588060     0.489514009326
  67     -0.805169572620     0.246932749300    -0.539190297251
  68      0.398040864987     0.878428476735    -0.264436913197
  69      0.225111028950     0.952029781241    -0.207278364222
  70      0.533938618569    -0.639950299568     0.552605795919
  71      0.594639087436    -0.354335235647     0.721700004484
  72     -0.240722743331     0.055560151867     0.969002389248
  73     -0.830873847262    -0.143454677642     0.537651751042
  74     -0.744158981669     0.097514919097    -0.660846616512
  75     -0.424877709462     0.473963514423     0.771257103045
  76      0.664898906134     0.045136249755     0.745568349369
  77     -0.807824856806     0.075283902648     0.584595017708
  78     -0.187177562803     0.646481436232     0.739612271795
  79      0.918490677334    -0.011468000646    -0.395276309196
  80      0.917236529832    -0.378163697370    -0.125177339534
  81      0.291264839521     0.595178033273     0.748951201326
  82     -0.159361705493    -0.922403472931    -0.351817679981
  83      0.379533639025    -0.661834600527    -0.646474422072
  84     -0.013722465826     0.480267715567    -0.877014603821
  85      0.110173134327     0.632435200445     0.766738285017
  86     -0.155688258922    -0.943410286997     0.292810854344
  87     -0.779654046538     0.493696002756    -0.385232169711
  88      0.811278554479    -0.142074995058     0.567134730750
  89     -0.138391682996    -0.755752592653     0.640066997100
  90      0.031648925692     0.696555553666     0.716804510420
  91      0.249993149708    -0.054274736379     0.966725234020
  92      0.482915633478     0.225655224031     0.846092318137
  93     -0.481866362430    -0.536360822501     0.692908274482
  94      0.392251857537     0.602174498667     0.695359154260
  95     -0.942381587095     0.300128136803     0.147783780583
  96      0.355018761941    -0.934688138189    -0.017881918218
  97      0.711214705770    -0.062807386207    -0.700163462724
  98     -0.355138853060    -0.881289033732     0.311778822359
  99     -0.321506814663     0.128321945172     0.938172077240
 100     -0.459387033100    -0.864475905398    -0.204070974924
 101     -0.844638265321     0.496919369852     0.199141509034
 102      0.827757356659     0.080876073057    -0.555226817890
 103      0.712186241014     0.255866248993    -0.653699641071
 104     -0.825404779779    -0.251638071274     0.505356538103
 105     -0.034134495545     0.781830164796    -0.622556366628
 106      0.835478984565     0.288651940182    -0.467605521546
 107      0.898274841935     0.391414201081    -0.199742913615
 108     -0.373145402934    -0.905815064219     0.200652878630
 109     -0.566085287236     0.442006712282    -0.695828652667
 110     -0.324994545364    -0.821007334428    -0.469388434348
 111     -0.568670894433    -0.539840807574     0.620632996467
 112      0.864124157182    -0.474286642994    -0.168349699291
 113      0.647319607664    -0.761823359985     0.024545747373
 114      0.888598136554     0.441150712932     0.125616082538
 115     -0.174204939719    -0.815888256014     0.551342899361
 116      0.718110828389    -0.219653307718    -0.660355406247
 117     -0.522502223204    -0.772420537345    -0.361051160134
 118      0.964557094554    -0.262375835043     0.028080821422
 119     -0.827089000861     0.334150510373     0.451959313515
 120     -0.251081361909    -0.062558060687     0.965942357879
 121      0.617382841951     0.714820726575    -0.328435313758
 122      0.003891906682     0.819069127533     0.573681634170
 123      0.722998866572     0.489301197251     0.487705830706
 124      0.562575740004     0.518408923923     0.644019195642
 125      0.513049568963    -0.721393963956    -0.465156842964
 126      0.602532196696     0.339522451275     0.722273810286
 127      0.699402008761     0.456473455828    -0.549971648601
 128      0.037278460273    -0.480568822613     0.876164324275
 129     -0.592382277108     0.231203052981    -0.771769645723
 130      0.088810600095    -0.985550153626    -0.144234434164
 131      0.313090551803     0.864787914476     0.392576322959
 132      0.130924218797    -0.835440832173     0.533757871015
 133      0.109364240724    -0.982249486418     0.152398849350
 134     -0.634336997142    -0.541532022144    -0.551687994295
 135     -0.554931912194    -0.831337223834    -0.030479388045
 136     -0.315680187760     0.326899774792    -0.890776378390
 137      0.047962807323    -0.161652368988     0.985681531081
 138      0.148924134080    -0.330575776420     0.931955609636
 139     -0.230301023366    -0.056951298573    -0.971451485267
 140      0.301314857320     0.953510996032     0.005112455888
 141      0.457846695099     0.568270855020    -0.683699231477
 142     -0.424899850390    -0.664535216063     0.614697538428
 143      0.830999437405     0.270969123026     0.485814439266
 144      0.904417230743    -0.208562148744    -0.372197935038
 145      0.384067804045     0.438287011076    -0.812647782141
 146     -0.925662631914     0.277459537503     0.257225381576
 147      0.407621135608     0.740517433259    -0.534302293505
 148     -0.806508566631    -0.495434796535    -0.322627175440
 149     -0.367356166580     0.667602780725     0.647577002405
 150     -0.546992185543     0.749689499460     0.372512017731
 151      0.733556121260    -0.611370682605     0.296852329303
 152     -0.409921711834    -0.074564944371    -0.909067796832
 153      0.681160474046    -0.177163227899     0.710375674751
 154     -0.873247517317    -0.214680932347    -0.437436704892
 155     -0.105360769589    -0.684518587466     0.721341397430
 156      0.888655549085    -0.427891986264     0.164923507029
 157      0.128496155915    -0.533715184648     0.835844985384
 158     -0.523992639300    -0.631368233196     0.571669369540
 159     -0.645000287246     0.666192460409    -0.374382471740
 160     -0.223395990923     0.278211154671    -0.934180274174
 161      0.479279802550     0.843727820968     0.241690370085
 162      0.307804703149    -0.231589267576    -0.922834045678
 163     -0.963966474066     0.201100508440    -0.174147128550
 164      0.015114955207    -0.998114574274    -0.059488105968
 165     -0.794244956107     0.538028720197    -0.282311965637
 166     -0.797554286279     0.577871865807    -0.173122116286
 167     -0.881760082212    -0.447322560905     0.149671920956
 168      0.072025528569     0.206358169933    -0.975822027286
 169     -0.395270978429     0.471397094258    -0.788381654490
 170      0.932081828824    -0.361964410465    -0.014325848403
 171      0.697519611648    -0.521215958575     0.491731955330
 172      0.593570122507     0.770337119116    -0.232927526451
 173     -0.276275168536     0.355489202611     0.892916265994
 174     -0.221408461757    -0.828598447470    -0.514201230952
 175     -0.579237754538    -0.103886891443    -0.808511680499
 176     -0.399242394086     0.895747258387    -0.195556538772
 177      0.263306958019     0.069550388335    -0.962201740458
 178      0.847371361795     0.482121964455     0.222531315996
 179     -0.377490009424     0.309433760695     0.872784074400
 180     -0.616669663703    -0.586535720936     0.525066066257
 181      0.211891176235    -0.587047284319     0.781330669696
 182      0.369920718611    -0.837493252223    -0.402198600722
 183     -0.845641688498     0.152680418740     0.511447772902
 184      0.548670605863    -0.315867196310    -0.774072658448
 185      0.388240072620    -0.838987762242     0.381273105293
 186      0.517932570505    -0.315447716201     0.795134322460
 187     -0.344540634581     0.914414248646     0.212457838158
 188      0.523562961168    -0.207012591005     0.826454846231
 189     -0.147992172161     0.917091153418    -0.370192022202
 190     -0.917809571199    -0.345994285321     0.194714009615
 191      0.269864989299     0.187464775391    -0.944473316477
 192      0.912059669670    -0.095039121874     0.398891870404
 193      0.054186183331    -0.049416174266     0.997307324377
 194      0.195146489794     0.566195855279     0.800837125130
 195     -0.053838949979    -0.082532573376     0.995133027186
 196     -0.127405946170     0.902940980378     0.410445259243
 197     -0.637582372137    -0.766933711192    -0.072810722952
 198      0.947624593238    -0.122144943103     0.295107172339
 199      0.199993878641    -0.842992729707    -0.499365303328
 200     -0.968559075111     0.239337469798    -0.067903560809
 201      0.498997293661     0.830178587192    -0.248606545141
 202     -0.521252134341     0.423272188088     0.741037696232
 203      0.584877634720    -0.711902102682     0.388733261505
 204     -0.894427818138    -0.103254128072    -0.435129248817
 205     -0.735095857470     0.629408948984    -0.251949310913
 206      0.893033402891    -0.114039224954    -0.435300352048
 207      0.248248281829    -0.166580469199     0.954266072880
 208     -0.825286151390    -0.524018131531     0.210494100040
 209     -0.220118582453     0.173223527660     0.959969488642
 210      0.071905019574     0.954569305944     0.289183520122
 211     -0.972923098749     0.193422449648     0.126524305542
 212      0.637966979672     0.230023702912    -0.734906272219
 213     -0.445587281137    -0.615759513006    -0.649840131902
 214     -0.162831428118    -0.447092539693     0.879542032519
 215     -0.653774859732    -0.627254560840     0.423237697621
 216     -0.288198149591    -0.947452372847     0.138837414836
 217      0.547005038616    -0.641640725699    -0.537664083655
 218     -0.950606403357     0.051194641279    -0.306147961942
 219      0.656271174195     0.580339250100     0.482197574354
 220     -0.717472228618    -0.490285891551    -0.494826581448
 221     -0.431334057518    -0.822412741824     0.370928851548
 222      0.451808631918     0.881266849625     0.138700035606
 223     -0.790431131362    -0.444025018741    -0.421972048015
 224     -0.477204580862    -0.878013870768     0.036978787734
 225     -0.879752108972    -0.469526353197    -0.074707632892
 226     -0.197803366366     0.287283205115     0.937199118818
 227      0.338890948304     0.934377829561     0.109959068669
 228      0.037071391554     0.899065865555    -0.436241081653
 229     -0.981357002637    -0.185701234179    -0.049532665985
 230     -0.701830527699     0.423449967215     0.572821120120
 231      0.528464484563    -0.420805979665    -0.737324634088
 232      0.761401445896     0.063936653253    -0.645120099329
 233     -0.054890022022    -0.808833273612     0.585470597878
 234      0.377038820282     0.535601543753    -0.755627364731
 235      0.930895191003     0.196279750991    -0.308072073902
 236      0.890527010102     0.189840037953    -0.413427628816
 237      0.074692449524     0.174546356580     0.981811900207
 238     -0.860946256669    -0.451830250377    -0.233711291920
 239      0.137517892879    -0.989593854986    -0.042341838782
 240      0.747203619601     0.218924052081     0.627502199420
 241      0.429109757454    -0.882878657345     0.190761873714
 242     -0.725332337821     0.588655479515    -0.356900162719
 243     -0.526252534373    -0.788660239152     0.317920268695
 244     -0.487139065623    -0.142115489196    -0.861683653364
 245     -0.327475407460     0.218194084022    -0.919321053390
 246      0.894301650394    -0.444284432558     0.053253179149
 247     -0.696487282132    -0.180896090883     0.694393310834
 248      0.908938974046    -0.202606654904     0.364390566354
 249      0.370624299191     0.903788769237     0.214017497998
 250     -0.957118734890     0.168542393858     0.235620858152
 251      0.327223751463    -0.120231483406    -0.937266774657
 252      0.312334000850    -0.535371064526     0.784745369646
 253     -0.900434274043     0.121042332450     0.417812005432
 254     -0.111211429279     0.832298073972    -0.543057947240
 255     -0.543075280902    -0.586927105505    -0.600487978312
 256     -0.249518593627     0.459948255730     0.852166693485
 257      0.695388072294     0.713801389825     0.083204595995
 258      0.740654533783     0.005136722224     0.671866412073
 259      0.074801359409    -0.432699700283    -0.898429588786
 260     -0.505003043077     0.302446529624    -0.808392245882
 261      0.558144671468    -0.774249033023     0.298350398985
 262     -0.626809365068     0.484269175866    -0.610404280104
 263      0.162276068044     0.025089404498    -0.986426378156
 264      0.933364273373     0.200670381148     0.297594575423
 265      0.338844707574    -0.328503149351     0.881629142562
 266      0.780464486734     0.391642141134     0.487331117656
 267      0.183260230106     0.944457007342     0.272794151960
 268     -0.292554144240     0.832960818934    -0.469668337030
 269     -0.238255285149     0.881027930381     0.408685949093
 270      0.437703578702     0.661349485045    -0.609124318856
 271     -0.308084760913     0.431228335230    -0.848012914399
 272     -0.943755059116     0.089964793928     0.318170904150
 273     -0.938701917257     0.309922616579    -0.150952582858
 274     -0.917278846252    -0.208176730750     0.339502528699
 275      0.075622095759     0.796448696522    -0.599958975632
 276      0.437573247627    -0.162136480369     0.884444127514
 277      0.330247593501    -0.432746866382     0.838848422913
 278     -0.349047167713    -0.106750154458     0.931005090875
 279     -0.819390688161    -0.036431689627     0.572076596397
 280     -0.132305432983     0.111113294310    -0.984961475506
 281      0.783998368331     0.091935681957     0.613917249177
 282      0.787007223066    -0.611593287806     0.081075774141
 283     -0.353330795927    -0.325783897086     0.876939109089
 284      0.480445863679     0.875325279390    -0.054565807380
 285      0.341564952941    -0.757704613247     0.556072928658
 286      0.549846914701     0.505350662153    -0.665048177695
 287      0.173560876914     0.136976013341    -0.975250836336
 288     -0.064216780860     0.988757258341     0.135038102529
 289     -0.257217535156     0.889243578233    -0.378265777172
 290      0.248079751852     0.061528518525     0.966783677008
 291     -0.145812910909     0.765156823104    -0.627115325175
 292     -0.705945490213    -0.701434637091     0.098134676528
 293     -0.513411250695     0.034300109263     0.857456931959
 294     -0.082341484859    -0.601574289783     0.794561673971
 295     -0.701547528395    -0.531739683668     0.474430157363
 296     -0.465587790116     0.879208814246    -0.101093375879
 297     -0.738189963302    -0.544697045180    -0.397970736426
 298      0.309264821627    -0.943206669631    -0.121311369902
 299     -0.652046301525     0.380564444562    -0.655748674572
 300     -0.259076122425    -0.283958181137     0.923172418433
 301      0.200366578160    -0.970473191707    -0.134294521607
 302     -0.133669326277    -0.001723900520    -0.991024489798
 303      0.085307319260    -0.715767375966     0.693108739509
 304     -0.285931248090     0.951159680448     0.116355419538
 305      0.725802431968    -0.423610214876     0.542001121403
 306      0.162330267444    -0.763235933569     0.625395709916
 307      0.261748370929    -0.938841333334    -0.223751516508
 308      0.634138462631     0.434519014404    -0.639579265090
 309     -0.937245248541     0.345904300126    -0.043835593310
 310      0.573727998305    -0.553752565969    -0.603485111368
 311     -0.354268428957    -0.217566989787     0.909482537050
 312     -0.417115004679     0.077683323233     0.905527677193
 313      0.487755989217    -0.518777875817     0.702113673521
 314     -0.590841570752    -0.695649144089    -0.408630036339
 315      0.462305216939     0.270155047414    -0.844565057735
 316     -0.806438027083    -0.497995893576     0.318838201062
 317      0.471439113923    -0.858502891454    -0.201786885671
 318     -0.496274179503     0.522591368706     0.693260557159
 319      0.572812713838     0.247860462402     0.781313500487
 320     -0.221677391222    -0.350919423310    -0.909788267986
 321      0.747911238849    -0.216026595366     0.627663356345
 322      0.686804831118     0.330064088198     0.647577656837
 323     -0.584917091613     0.338496957698    -0.737083309788
 324     -0.688711045137    -0.428423411931    -0.584919205033
 325      0.998608949970     0.029199567028     0.043903875962
 326     -0.705445003690    -0.696783271974    -0.129770638688
 327     -0.254131778028    -0.479322941029    -0.840039616685
 328      0.635687217843     0.752797266183     0.170874331305
 329     -0.986691193642    -0.091039497464    -0.134730465337
 330     -0.998080150189    -0.055154400568    -0.028178110253
 331     -0.779182201531     0.586145729593     0.222054679072
 332      0.289544218872     0.911419598605     0.292366996421
 333     -0.476430437231     0.507035138511    -0.718282261228
 334      0.724586696165    -0.499856709396    -0.474465372617
 335     -0.066482458358    -0.981782021988    -0.178000404581
 336      0.149703776287     0.980405852424    -0.128035713367
 337     -0.659972703669     0.154395273063     0.735253786164
 338     -0.684757542788    -0.391214222268     0.614864651684
 339     -0.130403716497     0.222531103966    -0.966164985130
 340     -0.600153347317     0.120083495774    -0.790819773239
 341      0.107500279159     0.750174632049     0.652442879808
 342     -0.206096666825    -0.866161699664     0.455289000481
 343     -0.657802238059    -0.491638992226     0.570602591063
 344      0.081468666027     0.419949069398    -0.903883640502
 345      0.579652168138     0.725476761233     0.371061764244
 346     -0.234045766215    -0.635431443176    -0.735832494757
 347     -0.774881479268    -0.630619955951     0.043326253522
 348     -0.787049171530     0.226501070008     0.573803857498
 349      0.616706905086    -0.741191713462    -0.265155496105
 350      0.628426920747     0.426786795646     0.650332712034
 351      0.150733068429    -0.960164466326    -0.235295005655
 352     -0.063300633738    -0.178526557056    -0.981896785917
 353      0.884855665138     0.086081016015    -0.457843325336
 354      0.486802477878    -0.783862953220     0.385463640439
 355     -0.001706124966     0.967473978442    -0.252964800268
 356      0.876642601495     0.141041952080     0.460005344532
 357     -0.399746574576     0.863399890143     0.307804005523
 358      0.969614228699    -0.099354095912    -0.223555387166
 359      0.277493392913     0.492612017559     0.824821688031
 360     -0.423062459869     0.039701494264    -0.905230327819
 361      0.664646868054    -0.389980240420     0.637306796502
 362      0.182638847178     0.457447645735    -0.870278520310
 363     -0.187078877790    -0.964513384886     0.186320755316
 364     -0.448202810525     0.869891890113     0.205918285136
 365     -0.371169408251    -0.467220518568    -0.802457635896
 366      0.523951846730    -0.801978109153    -0.286889481766
 367      0.610815555862     0.788955444497     0.066735772376
 368     -0.214264800785    -0.689748853750     0.691619197171
 369      0.525921843568    -0.825915438092     0.203149953431
 370      0.287249566738    -0.954901164115     0.075176147681
 371      0.546699129189     0.202153525303    -0.812560160451
 372     -0.565214806046    -0.674103669435     0.475517051094
 373      0.497167393859     0.744255392600     0.445991584079
 374     -0.771398020828    -0.196872978517    -0.605133145508
 375     -0.278929118023    -0.939689747728    -0.197943742347
 376     -0.954812587170    -0.129621102984     0.267453347416
 377      0.424506734303    -0.852712825895    -0.304425473778
 378      0.148782726723    -0.110691229093     0.982655154177
 379      0.839609169071    -0.543135762358     0.007745118426
 380     -0.697141470064     0.330139199434     0.636397579909
 381      0.728240307758     0.557903062069     0.398007823403
 382      0.645347719987    -0.489172295300     0.586716955455
 383      0.280406817370     0.400803196163    -0.872197692452
 384     -0.048172918212     0.030286786242     0.998379727624
 385     -0.588248908407     0.098821415332     0.802619180950
 386      0.293559259605     0.871059642902    -0.393799517022
 387     -0.478620807996    -0.440767475237    -0.759372211058
 388      0.506015167113     0.686181888239    -0.522592639543
 389      0.074276636321     0.315354350129    -0.946062690920
 390     -0.697110972458     0.511613820527     0.502282381460
 391     -0.896941848093     0.376086463678    -0.232495791311
 392     -0.452103192858     0.369002218210     0.812059151764
 393     -0.488964235392     0.407897539082    -0.771060032759
 394     -0.698690348701     0.668565598537     0.254660238523
 395      0.871588952867    -0.406177105649     0.274504746929
 396      0.479538076059    -0.612352660863    -0.628543914411
 397     -0.467763365144     0.618258249488     0.631628190607
 398     -0.543916794417    -0.812714783664     0.208923912380
 399     -0.424227086660    -0.803122831040    -0.418360009090
 400     -0.390793108851    -0.185688745307    -0.901554455339
 401     -0.666953443564     0.274773237495    -0.692584126352
 402      0.185492961703     0.155558832326     0.970254508283
 403      0.942825993229    -0.200511224616    -0.266222454528
 404     -0.975870146405     0.091352346363    -0.198323488696
 405      0.076613565665     0.996120614365    -0.043290682523
 406      0.525104946691     0.777838237203    -0.345300552715
 407      0.939781221759    -0.227520469641     0.255040567603
 408      0.780175016217    -0.595150636184     0.192672427503
 409      0.540424057536     0.433922978583     0.720869396420
 410     -0.592410865166     0.008312948118    -0.805593111767
 411     -0.284483589637    -0.809445112227     0.513680540336
 412     -0.710737326312    -0.703302709235    -0.014756428071
 413      0.692261337542    -0.590366941775    -0.415019414731
 414      0.625542943574     0.149118836158     0.765806501962
 415     -0.874972758832     0.475342795915     0.092042912128
 416      0.969199849039    -0.190448297817    -0.156144479507
 417     -0.803856758823     0.028544343142    -0.594137637059
 418     -0.766908513516     0.425458839832     0.480454063886
 419      0.984761654947     0.108137885305    -0.136200883654
 420      0.507660805378    -0.419591005239     0.752478501357
 421      0.082821098935     0.545730576015     0.833857784022
 422      0.932495829231    -0.347694110160     0.097776961630
 423      0.227376859554     0.807127740063     0.544834447296
 424      0.439731205442    -0.701884153996     0.560352658002
 425      0.223374307121     0.971015305306     0.085048196805
 426     -0.812699113068    -0.262773573043    -0.520067496513
 427     -0.362927374202     0.849550069924    -0.382816404751
 428     -0.919942120340     0.198640158680     0.338006778902
 429     -0.612574626204    -0.124427477808     0.780557576414
 430      0.392042972896    -0.577139767696     0.716388160111
 431      0.335065706640     0.712643265369    -0.616336392368
 432     -0.037330965398     0.934156949329    -0.354904484394
 433      0.198870228719    -0.651711236248    -0.731931073720
 434      0.418260205740     0.907688041549     0.034070801628
 435      0.240906617418    -0.777049081158    -0.581514167631
 436      0.100606065141     0.281072624891     0.954398553642
 437      0.150207688693    -0.222037578465     0.963398652691
 438     -0.860102870476     0.071014543846    -0.505153428932
 439      0.047002262534    -0.378784026671     0.924290781332
 440     -0.474708176154    -0.678574481890    -0.560525485612
 441     -0.899296569952     0.401291648015     0.173869757305
 442      0.773545922014    -0.453523430295     0.442654724034
 443     -0.852798386347     0.512749938928    -0.099108084294
 444     -0.421176129747     0.703527305471    -0.572415931109
 445     -0.960549714235    -0.277826247508     0.012522886169
 446     -0.928133005689     0.270080523768    -0.256175007432
 447      0.701068219123     0.640273826246    -0.313931170099
 448     -0.595977185775     0.755938983331     0.270864260314
 449      0.002713535447     0.999003005669     0.044560424038
 450      0.413493010237    -0.771754049309    -0.483134782291
 451      0.438506551629     0.884533528442    -0.159098841102
 452     -0.638571036895     0.686004550982     0.348747454286
 453     -0.611999508508     0.371192307240     0.698335787878
 454     -0.530318834735    -0.399888770118     0.747563311739
 455     -0.032978605468     0.049069926212    -0.998250747018
 456      0.983055693886    -0.177808158276    -0.044561884706
 457      0.933708263470     0.337763193165     0.118764068937
 458      0.580758788115    -0.456010927253     0.674368789502
 459      0.492640867533    -0.864570133793     0.099113366351
 460      0.557588713593    -0.552218955282     0.619797589461
 461      0.811020159979    -0.477936855623     0.337376143414
 462     -0.021411145048     0.378424293136    -0.925384578017
 463     -0.282650357202     0.622002819982    -0.730220013084
 464      0.147689095182     0.898980602657    -0.412337006842
 465      0.364561997754     0.232002011939    -0.901814624105
 466      0.680354882343     0.699167241520    -0.219732570315
 467     -0.765999834256    -0.384716453568    -0.515012139928
 468      0.367969947579    -0.672201584739     0.642450890849
 469      0.427698704965    -0.378414822025     0.820899531150
 470     -0.346432051680    -0.527381589773     0.775792170841
 471     -0.400230394842     0.196949211098     0.895000915805
 472      0.127694016453    -0.219933355768    -0.967121273255
 473     -0.561819883974     0.559818798582     0.609065949406
 474      0.028308999788    -0.970723819072    -0.238524354348
 475      0.342194243702     0.005179818373     0.939614957873
 476      0.002183485705    -0.663020578288     0.748597986343
 477      0.937227162326    -0.108394426085    -0.331445160762
 478      0.578844037317     0.667659488279     0.468156371496
 479      0.025454262508    -0.576108671772     0.816976669697
 480      0.326047302275     0.808594576339     0.489763175212
 481     -0.730875275153     0.316203490980    -0.604844347301
 482     -0.730982138877     0.666734459966    -0.145362555481
 483      0.776136462423     0.171145911078    -0.606894775739
 484      0.510648924602    -0.717487254868     0.473761242510
 485      0.284117499059    -0.882449288059     0.374913991112
 486      0.425808799210     0.829128832109    -0.362259915365
 487      0.973057845470    -0.034925273960     0.227900536655
 488      0.240495945675    -0.383230220624     0.891793865259
 489     -0.121226743870    -0.910522462860     0.395288402560
 490      0.822683264279    -0.558613635670    -0.105560658957
 491     -0.939708734271    -0.056913885056    -0.337206619779
 492      0.778237920410     0.275752074675    -0.564186611458
 493     -0.923922881372     0.376784033895     0.066334765231
 494      0.414363325154    -0.903574959713    -0.108882170013
 495     -0.884354068712    -0.465257221650     0.038126091530
 496     -0.990923586384     0.083956069753     0.104984876531
 497     -0.015191784520     0.914644115351     0.403974444658
 498     -0.737798474561     0.110820125212     0.665862080902
 499      0.411323756514     0.811198835392     0.415655165715
 500     -0.125404358412     0.965736071346     0.227217049080
 501     -0.161623538979    -0.343671352092     0.925077204021
 502     -0.722551189394     0.494850366720    -0.482745163893
 503     -0.184466894515     0.930369067351     0.316836493075
 504      0.464706987998    -0.613947987206     0.638055863003
 505      0.046429003366     0.454402290047     0.889585806118
 506     -0.853459498637     0.478388634295    -0.206763630175
 507     -0.833574901644    -0.552251028151    -0.013102872024
 508      0.595865730710     0.618409999873    -0.512360325379
 509     -0.152383083654    -0.012238457139     0.988245726519
 510      0.293311219127    -0.632114371141     0.717216808595
 511     -0.461676054556     0.795466805585    -0.392540165921
 512      0.445824632060     0.434325486532     0.782688807380
 513      0.776751685693    -0.629087372461    -0.030098115958
 514     -0.489779757059     0.724438235991    -0.485082500003
 515      0.392546138581    -0.915609044511     0.086991992129
 516     -0.223122724219     0.933677236945    -0.280112597269
 517      0.942739472129    -0.008181162136     0.333429687155
 518     -0.388455147674    -0.599598728065     0.699702768001
 519      0.621845478031    -0.755301208187     0.206949961012
 520      0.804103711809     0.479508841611    -0.351409293376
 521     -0.520721896685    -0.330075202920    -0.787336692102
 522     -0.078380635747    -0.973248274420     0.215972850791
 523     -0.352424375763    -0.429282434474     0.831572997890
 524      0.048843549704    -0.271945021723     0.961072428495
 525     -0.667902558734     0.589565195459    -0.454223570877
 526     -0.467705287076    -0.871170312262     0.149378885639
 527      0.113904871878     0.991473925185     0.063286142561
 528     -0.832928317672    -0.530478843645    -0.157551940849
 529      0.807844223666    -0.031171717890     0.588571180311
 530     -0.326820644961     0.106917799268    -0.939019089384
 531     -0.062672886220     0.427596075316     0.901794713727
 532      0.568495019139    -0.736171269162    -0.367240079068
 533      0.712251847708     0.693155461383    -0.110602042433
 534      0.248138962444    -0.276588503313     0.928399620396
 535     -0.736209341183     0.660286289179     0.148384036464
 536      0.413924933257     0.745487905378     0.522411650486
 537      0.339357317029     0.119013741520     0.933098248154
 538     -0.837426860501    -0.152606059679    -0.524812008113
 539      0.824279081502     0.387070685833    -0.413207308705
 540      0.268010050007    -0.724407360341     0.635141393218
 541      0.852884422334    -0.395612154074    -0.340703956080
 542      0.986754957496     0.049801297345     0.154384211112
 543     -0.117434841319    -0.273938345543    -0.954550596294
 544      0.561196532113     0.305514253551    -0.769233055206
 545      0.142644983687    -0.955646715568     0.257665992425
 546      0.997197603609    -0.074812245094    -0.000259501683
 547     -0.176217911560     0.976148052366     0.126815722634
 548     -0.001908256092    -0.990889877072     0.134661093397
 549     -0.326486946447     0.750517871609     0.574568706244
 550     -0.392219283875    -0.919535704422    -0.024862052416
 551      0.565493173878     0.704808248299    -0.428325581104
 552      0.237337158983    -0.800915820509     0.549731681300
 553     -0.138040560246     0.099819355241     0.985383630900
 554      0.619038123391     0.530329097039    -0.579260606828
 555      0.554559095160    -0.832120699279     0.006273101784
 556     -0.188285223526    -0.972951526280    -0.133843199720
 557      0.368926655439    -0.904877063266    -0.212345528049
 558      0.070284242146     0.094680379987    -0.993023539979
 559      0.165691765127    -0.732536011568    -0.660255428395
 560      0.854590034468    -0.213195874247    -0.473522324915
 561      0.074058012962     0.938796889558    -0.336416127546
 562      0.814508517096     0.579869369997     0.018093902771
 563     -0.833442606601    -0.337321336769    -0.437707364871
 564     -0.249165578293     0.722879669488    -0.644485452151
 565     -0.493463998428     0.863840754577     0.101353011734
 566     -0.402653216773    -0.754603280920    -0.518116082984
 567     -0.163085673178    -0.235596313194     0.958069642778
 568     -0.113067357437    -0.381154103663    -0.917571426072
 569     -0.955914892042    -0.265806458511     0.124794414083
 570      0.776996888053     0.563432340812    -0.280748701303
 571     -0.902916544405    -0.348448761679    -0.251644937014
 572     -0.353062833243     0.417131012542     0.837465434605
 573      0.623781263663    -0.606847690980     0.492577724887
 574      0.958824360123    -0.246598148118     0.140872991659
 575      0.250417668100    -0.927669604506     0.276983928015
 576      0.666753521688    -0.634065099692     0.391664640564
 577     -0.146595008345     0.986388607604    -0.074480992991
 578      0.347975084657    -0.741864451520    -0.573193227481
 579      0.450402664063    -0.696347960408    -0.558781673143
 580      0.218156293032    -0.960327706871     0.173719680022
 581      0.637055411259    -0.267460120695    -0.722928410580
 582     -0.529063066477     0.793080700795    -0.301853066434
 583      0.210808297271    -0.922517373708    -0.323297938454
 584      0.984395227387    -0.160358993574     0.072463987452
 585     -0.691012007741    -0.070817729860     0.719365869566
 586      0.971924997742    -0.143894059146     0.186162022195
 587      0.586357264275    -0.802469068670     0.110582785551
 588      0.758466689912     0.624217152515    -0.187299831286
 589     -0.220363230370     0.804355302528    -0.551772230179
 590     -0.581872839686     0.659610648190    -0.475749714903
 591     -0.029589499184    -0.877665202277    -0.478359963051
 592      0.867999126189     0.388733106409    -0.308972634578
 593     -0.251220258911    -0.754311479189     0.606549729104
 594      0.295317303723     0.787241797306    -0.541329883431
 595     -0.634100382766     0.264073672876     0.726761171135
 596     -0.493598748681     0.145557991927     0.857422384993
 597      0.919246351220     0.297077705297    -0.258323407348
 598     -0.440425546763     0.897757767847     0.007505200144
 599     -0.500598320897     0.814734692225     0.292589648486
 600     -0.716222176577     0.221672483542     0.661730386049
 601      0.950458638451     0.308842009385    -0.035284413459
 602      0.858229482992    -0.278260854540     0.431292303842
 603     -0.273826261199    -0.928885873745     0.249379654815
 604      0.191992127818    -0.681035439849     0.706632685718
 605      0.790712094398     0.528806288212     0.308444959952
 606      0.227583528862    -0.562395613554    -0.794932016745
 607     -0.349368386889     0.671421174543    -0.653555916979
 608      0.597499900877    -0.026326713908     0.801436692813
 609      0.591647485358    -0.095945606595    -0.800467172122
 610      0.640255321919     0.334367932330    -0.691571549866
 611     -0.508977945520    -0.520672425117    -0.685449981178
 612     -0.993425392710     0.019613405052    -0.112788755919
 613     -0.539722024878     0.551604610558    -0.635950068381
 614      0.512045321942     0.020444568952     0.858715091213
 615      0.207681204136    -0.865224873654     0.456349028113
 616      0.800623980707    -0.406342494787    -0.440326036532
 617     -0.465722050049    -0.714597210019     0.521971071546
 618      0.986281080489     0.140393475730     0.086829155486
 619     -0.765173047588    -0.617177513798    -0.183308820593
 620     -0.060965094201    -0.409145076696     0.910430427603
 621     -0.996358301440    -0.026362655810     0.081087271070
 622     -0.693843139926    -0.675952129065    -0.248335290262
 623      0.486764913010     0.601541409001     0.633409703682
 624      0.098372169002     0.613573063689    -0.783486446520
 625      0.865621807523    -0.062801233179     0.496744291816
 626      0.309071099485     0.674506021122     0.670460053198
 627      0.748822584031    -0.106184245222     0.654209174280
 628      0.472237779422    -0.792006843208    -0.386932345505
 629     -0.737673845094    -0.428105286270     0.522075820290
 630     -0.637078452340    -0.769751988151     0.040161203942
 631     -0.954972818441    -0.020277870664     0.295999533784
 632     -0.432971280073     0.852056725815    -0.294168670368
 633      0.903721679959    -0.299845227285    -0.305581355529
 634      0.705522447035    -0.679578619843     0.201024814842
 635     -0.879760057368    -0.066631010146     0.470725556929
 636     -0.171114847572     0.395800114681     0.902253832443
 637     -0.849547960576     0.287090227873    -0.442546566748
 638     -0.293963442902    -0.146360243346    -0.944544426380
 639      0.247708041852     0.399600526965     0.882587188243
 640      0.782125825983     0.586148609945     0.211445026873
 641      0.959170156734     0.201204925695    -0.198769183494
 642     -0.185273553288    -0.773552985362    -0.606044131471
 643      0.515640092833    -0.026084592326    -0.856408132088
 644      0.063431817290    -0.997073771137     0.042664967667
 645     -0.805403768610     0.140066891751    -0.575939263590
 646      0.326466619981    -0.928339464864     0.177779031424
 647      0.883827825796     0.291969692198    -0.365516173631
 648      0.652402059010     0.633684697834    -0.415710544888
 649      0.537630817505     0.127584718382     0.833471801385
 650      0.149042346840    -0.897705166273    -0.414622494922
 651     -0.077941969825     0.674852923086     0.733824625876
 652     -0.363479058224     0.926948962618    -0.092997822197
 653     -0.002500477414     0.575752069147    -0.817620512516
 654     -0.044542953780    -0.946247800313     0.320360774238
 655      0.983692182904     0.003891787251    -0.179818083869
 656      0.997548016066     0.015447083179    -0.068259382245
 657      0.973569865154     0.211119766135    -0.087121535866
 658      0.174660101738     0.247756189697    -0.952948434769
 659      0.724097056694     0.619889930173     0.302357283618
 660      0.089668671467     0.518982265803    -0.850068783770
 661      0.937422774548     0.275463279265     0.212975405941
 662      0.109484421762    -0.632553389218     0.766739441519
 663      0.657059835134     0.645284301691     0.389718543368
 664     -0.662519734044    -0.058980307201    -0.746718772608
 665      0.182514644130    -0.398515634397    -0.898817942533
 666     -0.294531589537     0.937270240477    -0.186482275514
 667     -0.696016708497    -0.686709857671     0.209738677573
 668     -0.975022903535    -0.019299617723    -0.221264236462
 669      0.745731970887     0.666218305180    -0.006082552103
 670     -0.405047747546     0.369517870412    -0.836297115656
 671      0.656932852762    -0.360613484030    -0.662115656135
 672      0.247808007851    -0.968348626682    -0.029868519331
 673      0.702489782819    -0.709252254410    -0.058901143021
 674     -0.661632316225    -0.350963899815    -0.662621324101
 675      0.768288329250     0.630985626426     0.107657709349
 676     -0.439791400435    -0.464077075286     0.768905710928
 677     -0.395374532554    -0.787782094744     0.472311708736
 678     -0.675233350704     0.606336241798     0.420019385243
 679     -0.444790215729    -0.839080871065    -0.313217106501
 680     -0.033248351083     0.141937928475     0.989317022804
 681      0.842960073111     0.478799904957    -0.245293632517
 682      0.532350913800     0.093809461915    -0.841309865289
 683     -0.399369217547     0.577659949596     0.711908147662
 684     -0.336567381696     0.941527043963     0.015786800316
 685      0.521589599059    -0.096050847634     0.847772684640
 686      0.264398490530     0.959051929840    -0.101552124924
 687     -0.031131648772     0.161438965423    -0.986391545426
 688     -0.868085013962     0.043222901089     0.494530271425
 689     -0.156878940894    -0.705101338705    -0.691535320906
 690     -0.867732595863    -0.423999673222     0.259353849373
 691     -0.852961999427    -0.394266480195    -0.342066908848
 692     -0.654388336886     0.706593447571    -0.269261219631
 693     -0.491289553350     0.732825959597     0.470744822287
 694     -0.217473291603     0.384772531556    -0.897025900629
 695      0.365985896855     0.811015135449    -0.456408559709
 696      0.164083975222     0.866119330131     0.472137432373
 697      0.762950414279     0.312391892791     0.565966404188
 698      0.410537779695    -0.480290846843     0.775099628358
 699     -0.774250945074    -0.628852688169    -0.071272509670
 700      0.419158126577     0.318875303157     0.850073529738
 701     -0.174703820428     0.849394302487     0.498003909654
 702     -0.435028892823    -0.035273172701     0.899725327918
 703      0.900890683041     0.023876594745     0.433388838612
 704     -0.040503773953     0.952864081187     0.300681703931
 705      0.406141359962     0.677973166707     0.612700237436
 706      0.279740648506     0.593077690480    -0.754986107574
 707     -0.966686668319    -0.199171410113    -0.160771995971
 708     -0.843291659318    -0.394010578692     0.365533638950
 709      0.712395152435    -0.696056306340     0.089435816044
 710     -0.926436117573    -0.366970489820     0.083957010767
 711      0.844679123669    -0.521960451385     0.118635851357
 712     -0.756532350535     0.512534038037     0.406162113506
 713      0.847521677956     0.055487288433     0.527852409502
 714      0.957227632938    -0.005470742078    -0.289284167767
 715      0.829951983797    -0.485039422773    -0.275529423015
 716      0.218814741961     0.740356370401     0.635604085502
 717     -0.010782142715    -0.925799855907    -0.377860254857
 718      0.227709415036     0.725857340784    -0.649060508068
 719     -0.069236210977    -0.553189991524    -0.830172982195
 720      0.362759333274     0.629227973789    -0.687370222751
 721     -0.525676816959    -0.077565814473     0.847140737149
 722     -0.734732117720    -0.567040988032     0.372334840007
 723     -0.236439411293     0.946907128418     0.217860723716
 724      0.287740502858    -0.358756384221    -0.887974808086
 725      0.178234207497    -0.981981952829     0.062801366200
 726      0.424882812358    -0.075553152674    -0.902089971612
 727     -0.364347560049    -0.895101697164    -0.256989897119
 728     -0.345709412470     0.846176439964     0.405549546393
 729      0.666431021463     0.745259423474    -0.021402928642
 730      0.052141622186     0.872188756066     0.486382591205
 731     -0.870573757534     0.231357571284     0.434252238799
 732     -0.032746273283     0.524937721256     0.850510476355
 733     -0.591669627099     0.778648799215    -0.208885374904
 734     -0.986061816317     0.165421087117     0.017831386355
 735     -0.569419810023    -0.646289969303    -0.508006255406
 736      0.911821692803     0.401052939652    -0.087964425368
 737     -0.300670970096     0.242942073965     0.922266835812
 738      0.636152935710    -0.577024574750    -0.512203165279
 739     -0.509304951445     0.193614348891    -0.838523673093
 740      0.414942820122    -0.777566258192     0.472454410659
 741      0.895524896125    -0.306686089178     0.322457443897
 742      0.409265457407    -0.573166868753    -0.709916562659
 743     -0.679398923972     0.040806449935     0.732633561713
 744     -0.910423070463    -0.387156528881    -0.145738309699
 745     -0.673638958391     0.053071929126    -0.737152578559
 746     -0.003389178852    -0.358958060005    -0.933347536893
 747     -0.777365309685    -0.465502401791     0.423096548350
 748     -0.792321792755    -0.085824130780    -0.604036749960
 749     -0.766923786779     0.334575983150     0.547619226079
 750     -0.198627466506    -0.979838767677    -0.021520197622
 751      0.262993423085    -0.873106570923    -0.410511114617
 752     -0.763654475157    -0.111289352947     0.635961101400
 753     -0.116043585599     0.216234236552     0.969420776126
 754     -0.333177625003    -0.282883316467    -0.899427428680
 755     -0.282906489724    -0.612801454795     0.737860620356
 756      0.146667442684    -0.086830667255    -0.985367493111
 757     -0.700424164757    -0.286285998143     0.653793787590
 758     -0.245003588709    -0.877270003480    -0.412759715226
 759      0.664946629239    -0.483719403536    -0.569088322588
 760     -0.050183470382    -0.998203075035     0.032745080400
 761     -0.097293279632    -0.992802753189    -0.069833451861
 762      0.119603959747    -0.595723957319    -0.794234133923
 763     -0.151571987126     0.729084719658     0.667428950736
 764     -0.077596429831     0.710875430225    -0.699024260509
 765     -0.178772185625    -0.565408314133    -0.805204287095
 766      0.685654359769     0.044052322607    -0.726593071673
 767      0.149728749066    -0.502927073328    -0.851261217616
 768      0.496842134612     0.797124319273     0.343133666227
 769      0.956324221888    -0.279015595143    -0.087145167953
 770      0.183922166023     0.932546038565    -0.310693615644
 771      0.790322877767     0.463513120700     0.400681089918
 772     -0.903465372023     0.225976324521    -0.364259553493
 773     -0.530983312152    -0.296741316458     0.793726220634
 774     -0.218713914979     0.556260387165     0.801709801029
 775      0.256499809860    -0.466186565675    -0.846686443453
 776     -0.454563035218    -0.263918029121    -0.850717180336
 777      0.383160927913    -0.299934790014    -0.873628539518
 778     -0.630194020766     0.776300852276    -0.014576794778
 779      0.470171831240     0.472398380297    -0.745505344985
 780      0.833087001852     0.539519040403     0.122005132628
 781     -0.157488085678    -0.124799990929     0.979603218213
 782      0.712439875802     0.673778496694     0.196091715173
 783      0.677555327934    -0.066394329779     0.732468818832
 784      0.570464356382     0.779327875839     0.259265269634
 785      0.474531958413     0.372238640483    -0.797657705395
 786      0.166998356750     0.476306679641     0.863274866871
 787     -0.879914426167    -0.176206237866     0.441250455365
 788      0.739858245897    -0.547896807906     0.390408585798
 789     -0.539483641382     0.841995945705     0.000477595145
 790     -0.868177181697    -0.285035484143     0.406230419788
 791      0.316334217938     0.310864179646     0.896267886502
 792      0.657967023568    -0.670403296800    -0.342985153522
 793     -0.443246305484    -0.363116543716     0.819560301842
 794     -0.753920271200    -0.000677824186     0.656965573853
 795     -0.301098049608    -0.767458490800    -0.565992428766
 796     -0.327558371229    -0.005939400913    -0.944812276039
 797     -0.890079626581    -0.288110129028    -0.353200809593
 798      0.110741538320     0.853603969855    -0.509015298727
 799     -0.077375738105    -0.765570942296    -0.638681554035
 800      0.019828334790    -0.253635684970    -0.967096570384
 801      0.732857024578     0.559833518465    -0.386661367517
 802     -0.555297891874    -0.819292409479    -0.142843267430
 803     -0.923210558512    -0.098611132747     0.371427124951
 804     -0.821765041481     0.392575819607    -0.413021116240
 805      0.065772676701    -0.937003094728     0.343073105138
 806     -0.195187590984     0.581900179960    -0.789489699039
 807      0.756472172290     0.471211170833    -0.453552516290
 808     -0.894370986162     0.446997595430    -0.017137350775
 809     -0.262805220269    -0.914714060902    -0.306971664795
 810      0.792184084778    -0.571685941979    -0.213587358166
 811     -0.028762047552     0.271744611599    -0.961939504692
 812     -0.256797047722     0.962887293449    -0.083086318942
 813      0.343032538985    -0.108835997265     0.932997000476
 814     -0.330552351589     0.899216683138    -0.286608617501
 815      0.771795659175     0.376138645496    -0.512690140185
 816     -0.224229512661     0.974227554737     0.024531556053
 817      0.470059973226     0.521887311982     0.711812654540
 818      0.442710902095     0.051029010508    -0.895211202596
 819     -0.151503627728    -0.985127555080     0.081057701709
 820      0.769626388252    -0.125074056095    -0.626124351066
 821     -0.714807031436     0.698285269952    -0.038060341277
 822      0.989693778145    -0.088064265349    -0.112919930350
 823      0.154363463504     0.002051896956     0.988011999347
 824     -0.008235655747     0.250098333003     0.968185414992
 825      0.250571358010    -0.042758565094    -0.967153400271
 826      0.230147780983    -0.484970506453     0.843703506440
 827     -0.821968250334     0.422600384424     0.381807687883
 828     -0.973999027377    -0.160065282930     0.160327788822
 829     -0.942237769850    -0.239744844379     0.233902532396
 830     -0.452217097979    -0.852719387935     0.261475317640
 831      0.319754199501    -0.894124847714    -0.313525132328
 832      0.709022910531     0.411628097951     0.572580842606
 833     -0.752624224681    -0.590021918188    -0.292285669305
 834      0.506495202718    -0.519983941073    -0.687807611655
 835     -0.980414118943    -0.051254910041     0.190160694085
 836     -0.116544960959     0.435420222696    -0.892651388697
 837     -0.808100467798    -0.358953644458     0.467039521962
 838      0.308726574736    -0.812621447595    -0.494301815655
 839     -0.381448607823     0.567142153115    -0.729963518096
 840     -0.989503912068    -0.135131463962     0.051200541505
 841     -0.975031818806     0.059064684997     0.214066147026
 842     -0.060049301693    -0.194227539578     0.979116818483
 843      0.921058338686    -0.328835245629     0.208611883578
 844     -0.235822970713    -0.243195488868    -0.940873785732
 845     -0.556719185829    -0.824985069572     0.097279921431
 846      0.457389117071    -0.839995153494     0.291896107700
 847     -0.601735002044     0.793207082396     0.093474658340
 848      0.599061661028    -0.457549389989    -0.657094880521
 849     -0.260127136420    -0.389739826305     0.883423307758
 850     -0.072247267427    -0.955009689557    -0.287640096651
 851     -0.443698379400    -0.146854317799     0.884061964718
 852     -0.113137349063     0.993022621502     0.033256780233
 853      0.963960931187     0.099074785462    -0.246907897870
 854     -0.653789430858     0.735961597636     0.175840572405
 855      0.930333543207     0.093315319351    -0.354643129861
 856      0.480508613394    -0.253820485965    -0.839456153327
 857      0.357292261184    -0.891062177801     0.279911477777
 858      0.737322222702    -0.312525599934    -0.598902069871
 859      0.089912692469    -0.681208969344    -0.726546659078
 860      0.211224882101    -0.289261588181    -0.933655066277
 861      0.705573439973     0.149965743559    -0.692586742989
 862     -0.241412740276    -0.903323844897     0.354578510450
 863      0.189971266357     0.553369884423    -0.810982545418
 864     -0.539962966971    -0.802589990890    -0.253553349066
 865     -0.998464393058     0.055248586124    -0.004055801671
 866     -0.585858808084     0.675241465648     0.448127682764
 867      0.807983817691    -0.249932900853     0.533568829131
 868     -0.514401048713     0.081738446675    -0.853645352250
 869     -0.602690226925    -0.477554055825    -0.639301661295
 870     -0.185587365098     0.966256616847    -0.178621052274
 871     -0.901312125245     0.414361806965    -0.126256666417
 872      0.942064291045     0.301154916406    -0.147717933450
 873     -0.516193832400     0.642674259977    -0.566139314087
 874     -0.322598850355     0.758444732130    -0.566296362388
 875      0.312776118236    -0.825765196185     0.469343094794
 876      0.651852291877    -0.696934813548     0.298948917441
 877     -0.261928053033     0.707275385530     0.656624111693
 878      0.514293256055    -0.852063508468    -0.097417782325
 879     -0.945816150026     0.161429466572    -0.281730966834
 880     -0.140057315773    -0.879608626972    -0.454612595134
 881      0.746129263985    -0.586159930416    -0.315765193458
 882     -0.674948135938     0.165218424770    -0.719129950642
 883     -0.768057080373     0.638998216348     0.042066623270
 884      0.516974594913     0.854519700400     0.050332393566
 885      0.568510271940    -0.802055874202    -0.183036732261
 886     -0.042623354669    -0.068422882295    -0.996745483469
 887     -0.782627492853     0.354245230823    -0.511863774720
 888      0.605139599331    -0.137737683087     0.784113764692
 889     -0.042329830219     0.754933140060     0.654434213281
 890     -0.022300642385    -0.741713852037     0.670345614624
 891     -0.596231453977    -0.710781750537     0.373225610580
 892      0.139789387648    -0.434926645391     0.889549178084
 893     -0.218335001360     0.781945725557     0.583858466980
 894     -0.408804270361    -0.546307474063    -0.731045287461
 895      0.802600961662    -0.314854366108    -0.506654146812
 896      0.897808461233     0.381007607261     0.220846485477
 897     -0.769227428772    -0.619723606620     0.155665713057
 898     -0.034823590206     0.997467190198    -0.062020335731
 899     -0.090123077813    -0.864854202460     0.493867430929
 900      0.884572795864    -0.462806612916    -0.057801452041
 901     -0.256038765354    -0.490717770881     0.832850658868
 902     -0.880586832541     0.333220298498    -0.336943708984
 903      0.647280290499     0.506239634329     0.569868105938
 904     -0.392210207621     0.913274700173     0.110002159351
 905     -0.546141022417     0.816053619161     0.189173133101
 906      0.992565792856     0.119315894789    -0.024017995387
 907      0.344657444051    -0.219974689050     0.912591026932
 908     -0.611562863572    -0.283859501980    -0.738521934024
 909     -0.446538063963    -0.256583517372     0.857186476821
 910      0.833548206997    -0.502562373619     0.229408908359
 911      0.349960073430     0.001616801488    -0.936763221395
 912      0.897794962367     0.309719414300     0.313110347887
 913     -0.630282568570    -0.751798085416    -0.193761509391
 914      0.187824527319     0.981963684516    -0.021662622858
 915      0.352454812839     0.409683325705     0.841388838496
 916      0.502479100935    -0.141392952751    -0.852949462768
 917      0.860932003905     0.490657391885    -0.134355529993
 918      0.288885377116     0.499050408132    -0.817003016537
 919      0.680498135850     0.548263160692    -0.486137628386
 920     -0.658129142488    -0.598376289528    -0.456959350423
 921      0.208310871497     0.903308667939     0.375020041120
 922     -0.629407621166    -0.761287358631     0.155844807444
 923     -0.617475630208    -0.338532638314     0.710013731484
 924     -0.472035040731    -0.876719653068    -0.092442253573
 925      0.711225500575     0.132217391440     0.690417879789
 926      0.036751997602     0.981986878076     0.185340394836
 927     -0.375606383283    -0.696002560621    -0.611964280368
 928      0.292717611910     0.911685722382    -0.288349689236
 929      0.925320149534     0.108995987623     0.363183831616
 930     -0.297713553657    -0.954289085245     0.026438263000
 931      0.185422990570     0.798160874352    -0.573199383479
 932     -0.446735134985     0.614134446784    -0.650589425400
 933     -0.385164193172    -0.918596582716     0.088480859626
 934      0.027652149477     0.683322614715    -0.729592737662
 935     -0.074401441085     0.888923900493    -0.451972039729
 936      0.457681114153    -0.889099312884    -0.005514487977
 937     -0.771061595058    -0.217621614507     0.598418623980
 938      0.602476801932     0.016514699795    -0.797965517942
 939     -0.498760110781     0.842689374533    -0.202763334811
 940     -0.863893040773     0.178648765979    -0.470928266851
 941     -0.108397206253     0.807741363764     0.579485922988
 942      0.089762750300    -0.940283220597    -0.328344504632
 943     -0.499170532759    -0.731855067855    -0.463914797005
 944      0.650370927237     0.703881446991     0.285602110613
 945      0.274213793163    -0.701074516292    -0.658256270950
 946      0.620376254788     0.125534502008    -0.774192735242
 947      0.816947694656     0.178027446783     0.548545980195
 948     -0.288901106344    -0.953468287787    -0.086222821445
 949      0.434224563656    -0.477158054609    -0.764047916848
 950     -0.573864724893    -0.398949873071    -0.715205058917
 951      0.148383207723     0.974291252974     0.169525744488
 952      0.888158333013     0.233371752596     0.395869171052
 953     -0.104483062442    -0.829105669380    -0.549242276836
 954      0.000885994536     0.614102502406     0.789225779833
 955      0.360180006674    -0.424084448074    -0.830916809130
 956      0.045726871303    -0.141197387052    -0.988924846048
 957      0.208725148589     0.302962806544     0.929864156852
 958     -0.390515824848     0.781408070354     0.486722526836
 959      0.836270035588    -0.120153842424    -0.534991104345
 960      0.130079552514     0.382681535009     0.914677075684
 961      0.708335182512    -0.663064250134    -0.242088970030
 962     -0.680793560493    -0.659653144770     0.318398895391
 963     -0.917384856399     0.011111009143     0.397846164648
 964      0.845105323698     0.348817973232     0.405120986136
 965      0.098912197365    -0.891914093550     0.441254605572
 966     -0.913216605333     0.116483131580    -0.390470372501
 967      0.793165369831    -0.219203027328    -0.568188990487
 968      0.605872269527    -0.660929764409    -0.442821227513
 969      0.530339155158     0.597025983342    -0.601913910556
 970     -0.898477398396    -0.318151864675     0.302519016881
 971     -0.105414485319     0.534144487732    -0.838795238727
 972     -0.618719982149     0.591710269898     0.516782875284
 973      0.663580383391    -0.730149066608    -0.162921500455
 974      0.059839064964     0.063445018528     0.996189748958
 975      0.109464788955     0.966368527681    -0.232700083126
 976      0.097171599056     0.914852672012     0.391921253379
 977     -0.141548033165     0.495135423891     0.857207714802
 978     -0.738103324266    -0.016062820221    -0.674496455524
 979     -0.603737976514    -0.012982998496     0.797077096312
 980     -0.070631735709    -0.508782808749     0.857992547423
 981      0.628535060797     0.767589424087    -0.125499615055
 982     -0.422786175940    -0.369816483037    -0.827337668856
 983      0.806491148106    -0.024275605634    -0.590747596693
 984     -0.296598681505     0.623166110356     0.723666512306
 985     -0.925707731996    -0.377157631844    -0.028588733161
 986     -0.338005409707     0.005260691142     0.941129464068
 987      0.675684939427    -0.285749802827     0.679556408855
 988     -0.418740270755     0.262334408593    -0.869389005978
 989     -0.011230450381    -0.907007147346     0.420965451845
 990      0.207198222022     0.664190219082     0.718275886875
 991      0.871125254994     0.490576396449    -0.021808011333
 992     -0.207379373354     0.486446769814    -0.848742208003
 993     -0.881259909494     0.311583559392     0.355382410138
 994      0.130981907187    -0.804059857248    -0.579940933158
 995      0.497650962742     0.673525510044     0.546540855382
 996      0.868044549684    -0.018907864097    -0.496126145692
 997      0.104856400181    -0.327024924431    -0.939180405536
 998     -0.654579838972     0.746285349702    -0.120761795414
 999     -0.449166425309     0.802624176729     0.392484335107
1000      0.335313997882     0.924284695798    -0.182379614917
1001     -0.112825931931     0.956181541119    -0.270161376787
1002      0.055112020316    -0.793370814617     0.606238744828
1003     -0.346281228890    -0.864520603341    -0.364271103598
1004     -0.906085933280     0.008495709518    -0.423008397591
1005      0.839756591866    -0.380652973100     0.387184943520
1006      0.991515058095    -0.056724750769     0.116962353865
1007     -0.934895876872    -0.240468186222    -0.261045495694
1008     -0.676661369869    -0.644741695441    -0.355580562863
1009     -0.531269005013    -0.188434533929     0.825981640677
1010     -0.503394437409    -0.030297673999    -0.863525385461
1011     -0.737507831757     0.590897130567     0.326990487913
1012     -0.263683409090    -0.708358347532    -0.654751488163
1013     -0.181526681226     0.671132579863    -0.718769173136
1014     -0.922641869264    -0.168191397552    -0.347049902566
1015      0.058288170260    -0.017572533054    -0.998145127369
1016     -0.074409731145     0.983086362799    -0.167345137933
1017      0.372315905256     0.519115815578     0.769350139215
1018      0.276882622006     0.213102697278     0.936975588820
1019      0.225542581152    -0.163800867767    -0.960364420315
1020     -0.696141851452    -0.243575514870    -0.675320287873
1021      0.373947383498     0.337966477908    -0.863679346856
1022      0.470018577031     0.763479906606    -0.442923209432
1023      0.259506209763     0.946988102562     0.189393929945
1024      0.116370380675     0.818378240700     0.562774368331
1025     -0.721009218473    -0.129623606710    -0.680693343188
1026      0.272796989511     0.296580802448    -0.915216712114
1027      0.966964650944     0.248091622409     0.058565439595
1028     -0.173349354765    -0.154552039076    -0.972658042901
1029     -0.020329917737    -0.701572611703    -0.712307914425
1030     -0.192392233012    -0.575889942569     0.794566550217
1031     -0.230080205838     0.056056635811    -0.971555841145
1032      0.080799331094    -0.863445395915    -0.497929228272
1033      0.740184071368    -0.406240581759    -0.535813521876
1034     -0.960181826644    -0.128012494643    -0.248321688537
1035     -0.429884372263     0.706694818157     0.561944713005
1036     -0.565343458582     0.209380629614     0.797838658991
1037     -0.759918629014    -0.324441669677     0.563259514128
1038     -0.317865568479    -0.389274801319    -0.864538379387
1039     -0.091548001242     0.325566550174     0.941076715723
1040      0.333112914770    -0.523397104908    -0.784277537985
1041     -0.144375413980    -0.477174140153    -0.866868259776
1042     -0.283887646059     0.820280949963     0.496534961048
1043      0.667768352902     0.235336842605     0.706188358283
1044      0.916873417936     0.398400731776     0.024899646648
1045     -0.832626445957    -0.544795426099     0.099655131303
1046      0.223372898143     0.848644289641    -0.479486619245
1047      0.188960073289     0.655892974676    -0.730820426968
1048      0.379071475595     0.922650076184    -0.070863624723
1049      0.966415274838     0.167785229152     0.194652596790
1050     -0.548657693530    -0.219374081075    -0.806752593973
1051      0.859479583439    -0.306108576086    -0.409380489640
1052     -0.527717444545     0.653550804815     0.542573169489
1053     -0.296394013698     0.530059756516    -0.794472934193
1054      0.659923862377    -0.157413237650    -0.734657449753
1055     -0.951088531775    -0.292585706508    -0.099117148231
1056      0.009660878287    -0.620001791207    -0.784540914377
1057      0.442947921650     0.104030909852     0.890491273680
1058     -0.474732034970     0.261932011745     0.840250627013
1059     -0.687031085590     0.723385720600     0.068566658559
1060     -0.294067267902     0.903104103897     0.312933570384
1061      0.036952168416     0.988174886194    -0.148811731876
1062     -0.814843180876     0.567877078610     0.116388204597
1063     -0.321184720209    -0.851118189959     0.415256790704
1064     -0.788670165340     0.611313090593    -0.065541403496
1065     -0.035172037176    -0.457664782461    -0.888428879931
1066     -0.839553051326     0.543204643194     0.008910085348
1067      0.450584934909     0.162772597237    -0.877768932021
1068      0.864281254560    -0.173121136283     0.472278503840
1069     -0.258185123281    -0.174246021193     0.950251948809
1070      0.176233607604     0.355219591863    -0.918020019993
1071      0.511015600418     0.342200559431     0.788518758975
1072     -0.110699456894     0.589447829585     0.800185532512
1073     -0.356786042922    -0.741674942983     0.567998238137
1074     -0.611637550876    -0.730718310589    -0.303233007651
1075      0.576536080874     0.593929708253     0.561118213130
1076      0.358102065745     0.119311735746    -0.926027872271
1077      0.040277864656    -0.530672524802    -0.846619374358
1078     -0.561722240698     0.820225173723    -0.108160938867
1079     -0.378392461344    -0.914504757303    -0.143178888347