 111     0.347188495805       19.993724799665  
   0     -0.796374405432    -0.249807857650     0.550802905428
   1     -0.543144088980    -0.805908352542    -0.235597593174
   2      0.356733167516    -0.874336234988    -0.329055611380
   3     -0.458264929400     0.228647583480    -0.858902518945
   4      0.223345089635     0.785142327931     0.577640455497
   5      0.798963885352     0.565747880085    -0.203926570322
   6     -0.724459205337     0.067829171994     0.685972348735
   7     -0.872583303628     0.471080116906    -0.129158436368
   8     -0.133773265432     0.924640306592    -0.356573999165
   9      0.111567390826     0.313539947641     0.942998101025
  10     -0.777838448544    -0.526940926623     0.342491763136
  11     -0.953198717125     0.267738182267     0.140458077116
  12     -0.116076508573     0.840214987066     0.529683886547
  13     -0.796391149443     0.572850347239     0.193916520071
  14      0.869446447582     0.288675216140    -0.400910830950
  15     -0.603352394071     0.641091580191     0.474307362769
  16     -0.063364970952    -0.701418197144    -0.709927737993
  17     -0.203742919546     0.739366552898    -0.641736646289
  18      0.622828749943    -0.592939730277     0.510398691714
  19     -0.437225725527    -0.895535022237     0.082768888390
  20      0.210936145968     0.925298864159    -0.315163377171
  21      0.750271335994     0.065358240548     0.657891497724
  22      0.661364404992     0.539044291190    -0.521563395901
  23      0.119274754685    -0.964554554750     0.235389132727
  24      0.736471124502    -0.281966707668     0.614902478887
  25      0.424947276021     0.472617756158    -0.772044214515
  26     -0.648653557240    -0.044244436161    -0.759796678427
  27      0.123701289196     0.949459952654     0.288485336470
  28     -0.970528523898     0.144187021368    -0.193091913787
  29     -0.451971836453     0.794606443172    -0.405366574255
  30     -0.309668386929    -0.454184473852     0.835357380915
  31      0.408767776961    -0.911195119973     0.051306508905
  32      0.449772129708     0.834209097855     0.319061455514
  33      0.851589712032    -0.417662906554     0.316784877876
  34     -0.536777330047     0.822935044509     0.186139760575
  35     -0.531663146556    -0.371124826930    -0.761315086827
  36      0.858328438630     0.294304837118     0.420305786645
  37      0.419070020691     0.147966306064    -0.895815991166
  38     -0.210081714094    -0.434148413418    -0.876002756006
  39      0.579825543839    -0.656769003093    -0.482137755510
  40      0.857465109708    -0.039711661372    -0.513007377710
  41      0.027837271962    -0.898701428724    -0.437676625260
  42      0.630379114641    -0.097194110324    -0.770178860229
  43     -0.868162725083     0.009312010156    -0.496192270439
  44     -0.264781441207    -0.730300259825     0.629724002156
  45      0.462454477898    -0.461987833809    -0.756771496084
  46     -0.558538792073    -0.214516537372     0.801259678845
  47     -0.717872236966    -0.694749574600     0.044525048968
  48      0.664518020248    -0.722455515754     0.190981225578
  49      0.057350590784    -0.832807292704     0.550584165188
  50      0.288223643997    -0.375480336143     0.880875500971
  51     -0.116516662108     0.056331186383     0.991589968128
  52     -0.180600514858     0.472508381646    -0.862623488729
  53      0.980249861251     0.031897774131    -0.195173618919
  54     -0.656653734603     0.742951316281    -0.129727462272
  55     -0.036191828318    -0.279895277350     0.959348104329
  56      0.326684575977    -0.656187772227     0.680216726785
  57      0.981042739843     0.138932620608     0.135103181057
  58     -0.946584044299    -0.213516400817    -0.241638973805
  59     -0.354609772300    -0.122608971270    -0.926940639714
  60      0.332558700139    -0.187058672206    -0.924345046027
  61     -0.308859806021    -0.814085411644    -0.491803378164
  62     -0.142679552401     0.147472971343    -0.978720730367
  63     -0.516662563628    -0.760803230946     0.392731764857
  64      0.855002080253    -0.518394325138    -0.015452068704
  65     -0.806675726070     0.359719337220     0.468909662301
  66     -0.582212033116    -0.515068386541     0.629073688593
  67     -0.994393929607    -0.071306718380     0.078077299361
  68      0.135418440898    -0.468228660751    -0.873168807915
  69     -0.227909032151     0.372088789377     0.899781865723
  70      0.874809706673     0.469160248738     0.120816547355
  71      0.111476152720    -0.987554253885    -0.110948920722
  72      0.639778003803    -0.752977545605    -0.153977016677
  73     -0.445291332653     0.101568464568     0.889606360178
  74      0.435584756816     0.208579778558     0.875648557132
  75      0.915888979489    -0.084951485647     0.392339932120
  76      0.015721704671     0.999164678662    -0.037719662200
  77     -0.716489682323     0.289149561174    -0.634850428367
  78     -0.784406969018    -0.326158537598    -0.527566408434
  79      0.633319477271     0.399008340081     0.663097869289
  80      0.545382127633     0.798355398134    -0.255317436006
  81     -0.591647111241    -0.614855667231    -0.521446262077
  82      0.333188904686     0.526818279336     0.781951184123
  83      0.274010775459    -0.725319180694    -0.631530031788
  84      0.913063103466    -0.298549421621    -0.277820107154
  85      0.354753114710     0.934959759481     0.000689750442
  86      0.010093185269    -0.589183347125     0.807936328606
  87     -0.337567983017     0.632086950928     0.697505514894
  88     -0.916483840592     0.038019464909     0.398261082987
  89      0.737605157907    -0.360523604518    -0.570930259851
  90     -0.002115369383     0.617366621182     0.786672727545
  91     -0.912251415984    -0.407077390679     0.045665654860
  92     -0.801635151117    -0.540650847721    -0.255103401295
  93     -0.215943742497     0.952088701594     0.216553467703
  94      0.380151130185     0.739891792184    -0.555018246617
  95     -0.363802323346     0.926460973524    -0.096529446623
  96      0.525451043045    -0.125042148878     0.841585208025
  97      0.977127891006    -0.201818922677     0.067009007359
  98     -0.009014779795    -0.172894642993    -0.984899069027
  99     -0.710376815287     0.563322874846    -0.421938525116
 100      0.111443230309     0.647013184503    -0.754290624028
 101      0.667391936928     0.741883512551     0.064783148489
 102      0.216090257303    -0.041917164078     0.975473193919
 103     -0.226038889640    -0.956186901818    -0.186045771685
 104     -0.573908741207     0.379333515869     0.725765003638
 105      0.136614395557     0.347313336308    -0.927744551776
 106     -0.478885345294     0.534747990904    -0.696213625467
 107      0.400159413530    -0.829913448909     0.388736557430
 108      0.684282691275     0.236253310062    -0.689885187481
 109      0.697920942697     0.601564590794     0.388621153371
 110     -0.207523339104    -0.916397582989     0.342271140500
