 130     0.321663459802       18.510352166785  
   0      0.611620217186     0.136994778478    -0.779200321226
   1      0.673520513211    -0.482324676397     0.560118759570
   2      0.598487290890    -0.173393678566     0.782142950410
   3      0.849853052112    -0.467897699398    -0.242531508702
   4     -0.019564953363    -0.994915923629    -0.098790270321
   5     -0.846203304386    -0.082707346718    -0.526402376938
   6      0.505004507618     0.430358695065     0.748172333669
   7      0.649203440461    -0.616758484532    -0.445133535753
   8      0.294803116017    -0.954548053123    -0.043921942874
   9     -0.597635656248    -0.801738818384    -0.006818319160
  10     -0.274119541925     0.890790343010     0.362423842394
  11     -0.588744122443     0.704225977154    -0.396794822788
  12     -0.933975418299     0.253566829433     0.251781216584
  13     -0.072980401734     0.306274170417     0.949141714128
  14     -0.914859614671    -0.029868903261     0.402665784567
  15      0.804634798543    -0.591580952872     0.050939347987
  16     -0.804281891424    -0.314308619212     0.504322050892
  17     -0.804108844698     0.236187100771     0.545549832104
  18      0.345730355643    -0.285930299155    -0.893708221520
  19     -0.139612031041    -0.910078633627    -0.390211944210
  20     -0.301894003179     0.823895917559    -0.479641040649
  21      0.951433479561    -0.307381803775     0.017051706055
  22      0.666384843885     0.152714565685     0.729801001142
  23     -0.066082666624     0.592620339618     0.802766600104
  24      0.823639780732    -0.018661138402    -0.566806204544
  25      0.754701383283     0.654696746495    -0.042402738106
  26     -0.225065462380    -0.959863487722     0.167354780577
  27     -0.547353126627     0.728457876651     0.412011743421
  28      0.868334749887     0.116863846678     0.482014111286
  29      0.182812400103    -0.644834454153     0.742137556728
  30      0.248088379298     0.623782051040     0.741180213482
  31     -0.971506252425    -0.046989955478    -0.232309159492
  32      0.375077766539    -0.734976770196    -0.564912220013
  33      0.350703804944     0.032914236563    -0.935907844945
  34     -0.138340558697    -0.662070446199     0.736562702076
  35      0.389831800562    -0.875560332903     0.285351135828
  36     -0.533883119991    -0.777681941263    -0.331933144507
  37      0.938244786307    -0.164825177013    -0.304186426375
  38     -0.659313903088    -0.280942439976    -0.697406999259
  39      0.337067361958     0.921416699736     0.193330957044
  40      0.178167972897    -0.922657394783    -0.341993428716
  41      0.415271449645     0.059239110794     0.907766683054
  42     -0.929075754144    -0.305884917490     0.207972739354
  43     -0.861503991630     0.503812054480     0.063121202194
  44     -0.777072069893     0.506618051616     0.373493169910
  45     -0.683966845733     0.723917677912    -0.090180649498
  46      0.576038769273    -0.816882192492     0.029712285078
  47     -0.322571330378    -0.738735089940    -0.591792365370
  48      0.245314451842     0.332320353753     0.910705222451
  49      0.539857368128     0.658601100573     0.524212373376
  50     -0.117733346934    -0.595790560574    -0.794463634756
  51     -0.492059804611    -0.154672099047     0.856710972536
  52      0.620925174029    -0.184071056223    -0.761951294059
  53     -0.140810672761     0.681012901151    -0.718605443134
  54     -0.329394881984     0.689261798728     0.645303947405
  55      0.507649669051     0.858547305869    -0.072030112433
  56     -0.346943179745     0.429266696898     0.833882805293
  57      0.780897649254    -0.335006031728    -0.527228432557
  58     -0.818090270547    -0.386848680403    -0.425530736501
  59      0.032806660081     0.857579507553    -0.513304111886
  60     -0.887017692389     0.214025368061    -0.409136597258
  61      0.219289382951    -0.569264807525    -0.792369702499
  62      0.017664729689    -0.422755171987     0.906071753165
  63      0.150636303685    -0.853259349918     0.499256633195
  64      0.741927072628     0.408443227126     0.531712656532
  65     -0.149570593184     0.414076399105    -0.897869352055
  66      0.955053394182     0.225808097322     0.192051340650
  67     -0.996099039198    -0.015525923088     0.086865699913
  68      0.768189932997     0.540667901489    -0.342873806439
  69      0.533140470485     0.757681348347    -0.376404321306
  70     -0.486696774394    -0.822470154815     0.294396151864
  71      0.822944365646     0.515256581351     0.239318253434
  72      0.271274794705    -0.227069097536     0.935333956778
  73     -0.326516580469     0.108580998109     0.938934017665
  74      0.517105837960    -0.483398911444    -0.706347679803
  75     -0.147101096707    -0.155699886464     0.976790055592
  76     -0.964395490257     0.245435471652    -0.098502627510
  77     -0.515521961609    -0.040797137168    -0.855904609578
  78      0.031890402093     0.956922374564     0.288587198803
  79     -0.707001778536     0.157021618869    -0.689559784467
  80      0.935936781520     0.156633869280    -0.315417456703
  81      0.093893481751    -0.973924266510     0.206532169860
  82     -0.403479395662    -0.448122566265    -0.797740899591
  83      0.479976907061    -0.832442762810    -0.276877617971
  84      0.139121044731     0.557803566158    -0.818230112190
  85     -0.169432714213    -0.866240393638     0.470021420559
  86     -0.424009077129     0.885808937899    -0.188570485631
  87      0.061387774486    -0.789593391975    -0.610552058791
  88     -0.679973459124    -0.599417016894     0.422297684986
  89     -0.300491482034    -0.413051651570     0.859705299716
  90      0.815362026407    -0.193994766898     0.545482168645
  91     -0.418588551116    -0.696738358435     0.582528355327
  92      0.999244012188     0.005831453684    -0.038436938674
  93      0.958294531358    -0.104020472658     0.266179135990
  94     -0.465091483233     0.319689061130    -0.825523359099
  95      0.919949338519     0.382314444039    -0.086769121449
  96      0.775958149622     0.299240050127    -0.555287621359
  97      0.437953206310    -0.452087592031     0.777054565789
  98     -0.589296073886     0.500043230859     0.634576161366
  99      0.651010536275    -0.690279830456     0.315751543662
 100     -0.446971543374     0.598009162812    -0.665283007904
 101     -0.799361393509    -0.587951769060     0.123830851674
 102     -0.117169219632     0.961541295830    -0.248414392466
 103      0.026383535715    -0.034348762819    -0.999061595466
 104     -0.196292163653     0.978525732389     0.062902921566
 105      0.611921424251     0.757702528958     0.226801781636
 106     -0.586409212013     0.213801593070     0.781289392521
 107     -0.574037891072    -0.437376695216     0.692229821732
 108     -0.254966537810     0.116567526728    -0.959897950987
 109     -0.770179418575    -0.606985258971    -0.195940191374
 110     -0.736103980656    -0.050320431371     0.674995395428
 111     -0.489810933566     0.862756431444     0.125445563334
 112     -0.706092775026     0.446602627955    -0.549526237554
 113      0.130620618310     0.266732334991    -0.954878063180
 114     -0.594512439807    -0.568500493446    -0.568649406811
 115     -0.333240312375    -0.933213689791    -0.134399045364
 116      0.112611006866     0.993310064736    -0.025571007543
 117     -0.043200709796     0.817662343655     0.574074899680
 118     -0.253649865109    -0.204765193925    -0.945374508482
 119      0.859585105309    -0.407194264551     0.308717148288
 120      0.312160751454     0.729614905040    -0.608455220699
 121     -0.831822436405     0.491983148078    -0.256951388986
 122      0.105693180871     0.042500876151     0.993490124281
 123      0.405923341948     0.378638024346    -0.831780912850
 124      0.264755718530     0.916953370972    -0.298497780510
 125      0.437165346213    -0.707379111608     0.555428890617
 126     -0.932829199748    -0.342611902552    -0.111565085615
 127      0.574245431399     0.543168442775    -0.612544061509
 128      0.033343921110    -0.349743558234    -0.936251903282
 129      0.267959444703     0.827641557487     0.493160408300
