 132     0.319491489806       18.384277319673  
   0     -0.966433841142    -0.214494337357     0.141413612984
   1      0.386512273489     0.634398047287    -0.669438107700
   2     -0.980196674179    -0.114359115232    -0.161667784953
   3      0.811621399800     0.339134671544     0.475666246379
   4      0.330383968015     0.332655580713     0.883281777407
   5      0.379944527070     0.595192412184     0.708087670298
   6      0.461040258401     0.882356548302    -0.094280442303
   7      0.310070359862    -0.243173976998     0.919088020184
   8     -0.707352605802     0.674469673163    -0.211525296476
   9      0.836697441358    -0.297403947758    -0.459878552972
  10      0.052105821634     0.998641533524    -0.000266220070
  11     -0.589657895705    -0.766301142235     0.255119825657
  12      0.974006446683     0.141289406814    -0.177055769019
  13     -0.188363102619    -0.978505041319    -0.083947755691
  14      0.964997826330    -0.177682052419    -0.192894487810
  15      0.888252790347     0.017899234705    -0.459006097821
  16     -0.484875921618    -0.874173304736    -0.026765162454
  17     -0.431028173131    -0.204059596177     0.878962112480
  18     -0.667737825270    -0.562063227695     0.488068770540
  19      0.197240618377    -0.152763192572    -0.968379855975
  20      0.469132807423    -0.008281758928    -0.883088795914
  21      0.059172102891    -0.743214144501    -0.666431840215
  22      0.947891025003     0.275542339194     0.159934436661
  23      0.645646696390     0.456513182966    -0.612156889383
  24     -0.753828449574     0.648863955450     0.103528913501
  25      0.001085714477    -0.191196527408     0.981551174994
  26     -0.422417570000    -0.387770026072    -0.819266625364
  27     -0.838930364027    -0.494702730390     0.226859103538
  28      0.852868427151     0.330641014803    -0.404094005522
  29      0.355534900122     0.807533544325     0.470621407912
  30      0.801705318915     0.549434027530     0.235352567471
  31      0.895929607589    -0.443233444029    -0.029227595519
  32     -0.314365977266    -0.730420385707    -0.606349810324
  33     -0.100595183478     0.360221038973    -0.927427308279
  34     -0.903413032405    -0.417662645829    -0.096968072884
  35     -0.717568308810     0.563549944173     0.409276413459
  36      0.623665165581    -0.467512447343    -0.626477352201
  37      0.092410523865     0.540568188929     0.836209500183
  38      0.435288542992    -0.323083856729    -0.840321787092
  39     -0.388422278398    -0.771952816723     0.503206699476
  40     -0.639362925012    -0.699980730617    -0.318185522746
  41     -0.898054991694     0.381985292126     0.218138645116
  42      0.206497695492     0.053466264796     0.976985189389
  43      0.114012472926    -0.489926944712     0.864275849982
  44     -0.591823288524     0.381932550545     0.709839927023
  45     -0.775560603203    -0.016060947987     0.631068773359
  46     -0.682619528474    -0.263650760897    -0.681556201369
  47     -0.066697517236    -0.904567235082    -0.421081415419
  48     -0.815835732004     0.276068066193     0.508132346160
  49      0.995397439111    -0.032587788923     0.090121996343
  50     -0.216773498384     0.593212917228     0.775311347287
  51      0.710763119191    -0.703252338515    -0.015872516230
  52     -0.197502539388    -0.422019150269     0.884812174273
  53     -0.471506543110     0.653493104284     0.592138786483
  54     -0.892331928834     0.441099904107    -0.095784149947
  55     -0.387336036757     0.223214195394    -0.894508925391
  56     -0.231678168335     0.027463322071     0.972404747139
  57     -0.218286790003     0.830948200632     0.511738180299
  58     -0.290692033795     0.760446547203    -0.580705769160
  59     -0.254464176252     0.942945071786     0.214715101003
  60     -0.150554744734    -0.555588389308    -0.817713159062
  61     -0.098630316708    -0.272787441995    -0.957005262324
  62     -0.940104210055     0.035130731973     0.339072124936
  63      0.118874110457    -0.977971595953    -0.171582351575
  64     -0.083347628423     0.048507541966    -0.995339234236
  65      0.203922993629     0.939540115556    -0.275099589114
  66     -0.096998304815     0.918991864682    -0.382158712463
  67      0.890781783734     0.441672763708    -0.106925130661
  68     -0.026190431030     0.271882634923     0.961973957106
  69      0.770145955184    -0.564308368217    -0.297373961997
  70      0.249531599431    -0.862903183001    -0.439467948378
  71      0.713975809254     0.611405646231    -0.341206212659
  72     -0.441955592457    -0.539998424678     0.716293903116
  73     -0.529278707319     0.848432009038    -0.005213062288
  74      0.686007568448    -0.165118177422    -0.708611038241
  75      0.479033653971    -0.861434065049    -0.168695316879
  76     -0.735909022677    -0.676925052519    -0.014504606665
  77      0.814235758430    -0.208731988935     0.541711257487
  78      0.001081900948    -0.984879307701     0.173238502514
  79     -0.618500882790     0.031701750378    -0.785144354250
  80      0.545606305591    -0.803104473609     0.239451380803
  81      0.458141123946     0.793025966979    -0.401517778245
  82      0.920675160014    -0.296716728518     0.253606846814
  83     -0.521325227280     0.795173649804     0.309707723602
  84      0.919809958932     0.051282758441     0.388998352355
  85      0.578779064860     0.778135807907     0.243966101197
  86      0.533642786062    -0.717041661110    -0.448415692317
  87      0.035452707801     0.936522217448     0.348811183501
  88      0.769648116924    -0.577660956013     0.271936750024
  89     -0.809392449271     0.161911365494    -0.564507371774
  90     -0.361440012157    -0.093491990639    -0.927696267804
  91     -0.943940058732     0.181984677626    -0.275424658720
  92      0.666019943805    -0.491071981778     0.561485300936
  93     -0.369398356370    -0.870721229450    -0.324637328255
  94     -0.580685898363    -0.554213650184    -0.596364919653
  95      0.715047313351     0.698260934090    -0.033749186543
  96     -0.247962446423     0.963163600996    -0.104069702029
  97     -0.306414296946    -0.922752886513     0.233746420421
  98      0.154227835636    -0.733711668792     0.661725745149
  99     -0.090351886282    -0.880537982849     0.465284211430
 100      0.219427053160    -0.894963426637     0.388448495072
 101      0.148252279372    -0.458745113506    -0.876113110560
 102     -0.802928759094     0.438158765831    -0.404131542627
 103      0.076417962899     0.778240668666     0.623299090791
 104      0.592894098956    -0.233047121625     0.770821397293
 105     -0.048604775470     0.650566758826    -0.757892121685
 106     -0.575164820313     0.624972437944    -0.527820879924
 107      0.466085692240     0.306730988601    -0.829867596741
 108      0.445634350107    -0.720420821469     0.531416847680
 109     -0.338628894526     0.519251417347    -0.784670910239
 110     -0.451180704458     0.835095287918    -0.314725010163
 111      0.144649579947     0.813848394872    -0.562785295815
 112      0.307262113435     0.934269786278     0.180914234090
 113      0.749131892896     0.081899466537     0.657338485429
 114     -0.334000214457     0.317925873159     0.887337024991
 115      0.710078248156     0.152755268548    -0.687353409409
 116     -0.158058646501    -0.686407399588     0.709832618339
 117      0.600463873711     0.358831502261     0.714620941026
 118     -0.860441032691    -0.257436084261     0.439736161558
 119     -0.804711543355    -0.438578241324    -0.400110557506
 120     -0.876159260385    -0.133621722582    -0.463130851592
 121      0.211855512706     0.166349167222    -0.963039561130
 122      0.192659230161     0.468839773699    -0.862016059962
 123     -0.990231447949     0.133765619943     0.039350202223
 124      0.306106667371    -0.948143400598     0.085573360886
 125      0.354153429771    -0.624202152810    -0.696381375834
 126     -0.660847461318    -0.309566278808     0.683702677993
 127      0.624954203597     0.596972787805     0.503046453150
 128     -0.606311386621     0.362753027549    -0.707669939631
 129      0.504284614166     0.060231688855     0.861434368697
 130      0.415894571682    -0.499291635702     0.760091815351
 131     -0.549359188216     0.088785718379     0.830855931275
