 138     0.311902554693       17.943942753894  
   0     -0.879060709786    -0.344894265692     0.329089978581
   1      0.645481611027    -0.292804694745    -0.705421080321
   2      0.912674689881    -0.176504015195     0.368607166332
   3     -0.288379062834     0.722093028309     0.628823643469
   4     -0.497832705655     0.161881944873     0.852031004779
   5     -0.555126797516     0.121517475541    -0.822841261616
   6     -0.531843867315    -0.147628655831     0.833875218949
   7     -0.288911710547    -0.943347816204     0.163171447172
   8      0.529678100764     0.159791989081     0.833011182276
   9      0.014423040103     0.090010646711     0.995836361755
  10     -0.273458249690    -0.025049110839     0.961557656994
  11     -0.509336747520    -0.645664553924    -0.568940560543
  12      0.184288560483     0.006178667817    -0.982852761373
  13     -0.112651161091     0.554471691135     0.824542818558
  14      0.238061162311    -0.843366751801     0.481725445618
  15     -0.213891222430     0.636896873697    -0.740684087343
  16      0.791321870831    -0.451166986128    -0.412623372306
  17     -0.525909745351    -0.440747013585     0.727434539846
  18      0.199321117758     0.312961202778    -0.928615301172
  19      0.988619629725    -0.133602409963     0.069149286147
  20      0.003881615277    -0.804540902002    -0.593884559548
  21     -0.939350249509     0.212598414816     0.269115259256
  22      0.731412030699     0.331541826433     0.595916486325
  23      0.258060654485    -0.643549964438     0.720588746706
  24     -0.895203834292     0.396869692492    -0.202742551653
  25      0.198695654085     0.557345403756     0.806155157497
  26     -0.535069854275     0.791194236120    -0.296162002588
  27     -0.007730518194    -0.220430388606     0.975372074066
  28     -0.751766260982    -0.264551163664     0.604036564004
  29      0.483780539261     0.818253102190     0.310512883128
  30      0.809041439423     0.442866098863    -0.386421489794
  31      0.734217607826     0.656743484555    -0.172082828468
  32     -0.290999281962     0.941022794451    -0.172613783405
  33     -0.784111327831     0.104604852738    -0.611741162871
  34      0.483568853190    -0.836263888485     0.258503139326
  35     -0.750483442144    -0.649827478671    -0.120411174859
  36      0.004131054953     0.999749240060    -0.022008893306
  37      0.894695163260    -0.415590464501     0.163722724920
  38     -0.534490985808    -0.792125314823    -0.294714899021
  39     -0.865721172899    -0.411361820070    -0.285146109535
  40     -0.525721818453     0.850574734088     0.011797937654
  41     -0.271899027683     0.145265614331    -0.951298491557
  42     -0.278810020498     0.838904129679    -0.467445006046
  43      0.887991739038     0.459633182029     0.014422530255
  44      0.204329661298    -0.959445614953     0.194199643309
  45     -0.933529253441     0.118599383409    -0.338315413814
  46     -0.199963536119    -0.396576425618    -0.895958549748
  47      0.539244756772    -0.840759588938    -0.048357066732
  48     -0.743660049810     0.660301602516    -0.104745042996
  49     -0.544911361938    -0.838272104251     0.019273994554
  50     -0.020566971098     0.944461782924    -0.327977042330
  51     -0.974902227184    -0.142274916866    -0.171241044913
  52      0.903877771662     0.132950069361     0.406607000618
  53     -0.038275148882    -0.948908508808    -0.313221415122
  54     -0.222159508995     0.283290103089     0.932947946059
  55      0.197223498281     0.889695262189     0.411758706240
  56     -0.920607498844    -0.389916606370     0.021139374382
  57     -0.667361997753     0.341680183615     0.661726995127
  58      0.844999640834     0.427225003077     0.321643286477
  59     -0.771791040832    -0.607489755658     0.187869066273
  60     -0.017872970631    -0.766153834220     0.642408638821
  61     -0.545309115016    -0.772975011517     0.324264707687
  62      0.271184698892    -0.338582529326     0.901010948836
  63      0.279132513179     0.953031267870     0.117543364547
  64      0.135731794218     0.588501701860    -0.797021095672
  65     -0.262329841442    -0.605817440412     0.751111365366
  66      0.247989505555    -0.876123322306    -0.413411573671
  67      0.422710018613     0.468151725736    -0.775983377305
  68     -0.302969199522    -0.941373866847    -0.148407907330
  69      0.487204113778     0.455935899855     0.744818505907
  70      0.258158152781    -0.959468702050    -0.113022908916
  71      0.469744587782     0.170649390463    -0.866151723305
  72      0.538929848632     0.842220964403    -0.014780574186
  73     -0.487463405652     0.642733692802    -0.590993086498
  74      0.442499183315    -0.139435078140    -0.885862479028
  75     -0.399075371798     0.400451992445    -0.824849713203
  76      0.389839629324    -0.437442209838    -0.810351390731
  77      0.260970016049     0.945705037936    -0.193743727503
  78     -0.281561045592    -0.835419253490    -0.472014881655
  79      0.950694356167     0.239309612798    -0.197259094528
  80     -0.687334363245    -0.543966748822     0.481322811925
  81      0.503590642878     0.800374815627    -0.325263921941
  82      0.143052666265    -0.300409488228    -0.943021778146
  83     -0.403073459104    -0.138232915722    -0.904667589547
  84      0.695740809025     0.014758978565    -0.718141280814
  85      0.588945202725     0.596471460280    -0.545312153962
  86     -0.655879325357     0.386557720707    -0.648379085976
  87      0.752694997825     0.026588266314     0.657832276758
  88     -0.099133760597     0.401705923367    -0.910387197099
  89     -0.236792268577    -0.651792481742    -0.720483158920
  90     -0.053402983870    -0.928632282053     0.367137857000
  91     -0.878120410111     0.467761804510     0.100515867350
  92     -0.569234934877     0.614354472547     0.546388296889
  93     -0.138765631226     0.897454792767     0.418711111066
  94      0.013513750859    -0.509561459880     0.860328133414
  95      0.723725819304    -0.675486094365     0.141207205173
  96     -0.731367031013     0.037023092036     0.680978381892
  97      0.320973049689     0.753525969329    -0.573737670821
  98     -0.987809196851     0.152129751681    -0.033008018274
  99      0.534235682042    -0.768666745157    -0.351772186114
 100     -0.444359388228     0.823824010488     0.351935695600
 101     -0.299254572484    -0.804302830065     0.513365034257
 102     -0.288566449506    -0.331960396306     0.898071099359
 103      0.298227214625    -0.032396481491     0.953944965102
 104      0.920631212735    -0.363424685345    -0.142690813370
 105     -0.103419276940    -0.114638386063    -0.988009359064
 106      0.047470574902    -0.570563884071    -0.819880112402
 107      0.567014556185    -0.572608927789    -0.592126260936
 108      0.372514739578     0.710341530639     0.597199864908
 109      0.013616952787     0.798688077506    -0.601591168026
 110      0.510759233071    -0.447872572480     0.733849551783
 111      0.287521025568    -0.692068851061    -0.662096945505
 112      0.501640232394    -0.683735293674     0.529965211526
 113     -0.869859279768    -0.158175728988    -0.467252899574
 114     -0.794833256945     0.455590190639     0.400846194752
 115     -0.721810919634     0.564295520199    -0.400698842250
 116     -0.663174123307    -0.156581853689    -0.731903139269
 117      0.846576755922    -0.159343574982    -0.507855709277
 118      0.750247739228    -0.639591159194    -0.167485757197
 119      0.255565219933     0.275374996386     0.926744317342
 120      0.674414549753     0.321320280118    -0.664769352984
 121     -0.260298298084     0.955697971886     0.137427008073
 122      0.743718203939    -0.525088349895     0.413721473862
 123      0.978601453381     0.175852095559     0.106842107472
 124      0.030979349870     0.764384691644     0.644015778582
 125     -0.899899637006    -0.049667736890     0.433259459479
 126     -0.984397198389    -0.108180277906     0.138777459539
 127      0.721198596255     0.671107769816     0.171717634658
 128      0.553329410030    -0.150904794232     0.819179044577
 129     -0.031882871166    -0.999476418125    -0.005511092327
 130      0.639380721273     0.604175964729     0.475566711313
 131     -0.410938966265     0.476613345055     0.777154351028
 132      0.862401319552     0.151174072583    -0.483125619082
 133     -0.691883120225     0.687805026053     0.219595068444
 134     -0.716660010507    -0.412738490047    -0.562179124633
 135      0.969367964507    -0.069673106560    -0.235523688003
 136     -0.485825266916    -0.410016776467    -0.771919719298
 137      0.742424129793    -0.281149345632     0.608080140238
