 145     0.304598455853       17.520387534869  
   0     -0.745127672064     0.523388553153    -0.413339055441
   1     -0.300866630460    -0.841192167420    -0.449305027956
   2      0.828187623899    -0.314182264289     0.464106414981
   3      0.430018613326    -0.273660431834    -0.860345256418
   4      0.998559469224    -0.051744118322     0.014196219314
   5      0.617334556629    -0.779211618352     0.108292654494
   6     -0.452557691742     0.304562859267    -0.838112761149
   7      0.236820674710    -0.507021176650    -0.828761421917
   8      0.457267643407     0.760011976084     0.461831244614
   9     -0.132204584840     0.974989687482    -0.178653455192
  10     -0.349226031297     0.854716259859     0.384058972292
  11     -0.675690673502    -0.097207898732     0.730748067507
  12     -0.482982502867     0.092670386021     0.870712410316
  13      0.728606677333     0.251957552869     0.636906352062
  14      0.710344546323     0.224346429547    -0.667142642212
  15      0.215702174296     0.726812096074    -0.652086458228
  16     -0.624783202186     0.060515938726    -0.778449594660
  17      0.618125332762     0.530134658506     0.580412195641
  18     -0.953265122138    -0.060789813096    -0.295956425069
  19     -0.785833377679    -0.305501265041     0.537712636623
  20     -0.201134572904    -0.037660084973     0.978839415626
  21      0.639679515487     0.701441331138    -0.314309046065
  22      0.063929351096    -0.960398059494     0.271198461259
  23     -0.437553641933     0.664927419165     0.605324985172
  24      0.942930399896    -0.064146901126     0.326752866900
  25      0.392485264384    -0.178903852036     0.902191071208
  26      0.676955907532    -0.311842798273    -0.666696908965
  27      0.183434513514     0.267152345778    -0.946034567760
  28     -0.893066615840    -0.444069820140     0.072346489288
  29     -0.973954329819     0.067515158675     0.216459388284
  30     -0.985930022824     0.148387096140    -0.076962716909
  31     -0.861092328040     0.280435062023     0.424118118664
  32      0.612692506300    -0.040506893263    -0.789282639060
  33      0.705441361675     0.708564874613    -0.016979508308
  34      0.534329422306    -0.744986757776     0.399357983764
  35      0.349509006363     0.844786741250    -0.405189852144
  36      0.802083474231    -0.040776366556     0.595818251059
  37     -0.773575978290    -0.615958261373    -0.148914828201
  38     -0.182393872323    -0.217578037034    -0.958849452802
  39      0.239424249654     0.927709157383     0.286411850289
  40     -0.527806056617     0.736602732991    -0.422891452206
  41     -0.924104305185     0.357070891302     0.136130862496
  42     -0.678756776534    -0.724593003970     0.119391025234
  43     -0.426394877843    -0.894505173179     0.134342485108
  44      0.696231412148    -0.563931319546    -0.444120802906
  45     -0.003992659774    -0.856784120293    -0.515659800528
  46     -0.722601323425    -0.534765455761    -0.438033371685
  47     -0.424016126607     0.887666521963    -0.179606431297
  48      0.471070625576     0.872859426122    -0.127314130990
  49      0.355673201939    -0.913564214137     0.197223223962
  50     -0.516668869918     0.545554932993    -0.659865966651
  51      0.002954262563     0.020646175565    -0.999782480226
  52      0.302048190366    -0.013310977221    -0.953199721245
  53     -0.932090514432    -0.226910938025     0.282345000153
  54     -0.563289412385    -0.763648780447    -0.315508443652
  55     -0.054110576102     0.928346079991     0.367757530609
  56     -0.321230359749    -0.729943739462     0.603318484049
  57      0.490188655471     0.354902005321     0.796090226461
  58      0.102356315686    -0.137492181913     0.985200022611
  59     -0.153953770876     0.775874323519     0.611814735469
  60      0.057179356535     0.629172437401     0.775159703030
  61     -0.988985752152    -0.147878008620    -0.006267105107
  62     -0.614475523361     0.701932956605     0.360152683762
  63     -0.681516902452     0.713894016081    -0.160903839221
  64      0.826808130027    -0.562406862628     0.009318636699
  65      0.733650990134     0.470943277264    -0.489865955416
  66     -0.311807542105     0.057962560900    -0.948375663026
  67     -0.222277485014    -0.906031792465     0.360137627440
  68     -0.483876826342    -0.644168986046    -0.592376176383
  69     -0.251475665830     0.864072858290    -0.436048260015
  70     -0.360821228043    -0.466900125260    -0.807348942172
  71     -0.552601437266     0.828559014082     0.090119985101
  72     -0.235541302276     0.549256048456     0.801771842956
  73      0.962886096521     0.201677610146     0.179378110962
  74      0.199624566654    -0.666257746507     0.718505843823
  75      0.964223626574     0.234599867935    -0.123432977447
  76      0.024751937874     0.996364659746     0.081515681807
  77      0.499653789960     0.644506888488    -0.578754663800
  78      0.822003829614    -0.041138037547    -0.567994160152
  79      0.415284165694    -0.461368054959     0.784014400115
  80     -0.193132339767    -0.694212035886    -0.693375474449
  81     -0.089995520955    -0.605538463310     0.790711056998
  82     -0.029926962337    -0.815338000837     0.578211311993
  83      0.120088925890    -0.257523793664    -0.958780551313
  84     -0.353996550362    -0.921406480516    -0.160301403594
  85      0.661982168301    -0.725509176818    -0.188191506725
  86     -0.901410815618     0.256233040478    -0.349003109519
  87      0.632828249586    -0.254822336803     0.731159341862
  88      0.255740767152    -0.841550038005     0.475804785128
  89      0.492802153880    -0.554437401580    -0.670630453275
  90     -0.276067459851     0.955275062081     0.106001478187
  91      0.840938629633     0.501290544176    -0.203789134918
  92     -0.490669084906     0.384012246106     0.782162671033
  93      0.224538872325    -0.918980218694    -0.324125982396
  94     -0.251413916061     0.531432569577    -0.808931682408
  95     -0.088249700997     0.743308495237    -0.663102157425
  96      0.871310603610     0.480725790528     0.098592831166
  97     -0.868994863765     0.474797402930    -0.139338985645
  98      0.251876350609    -0.735967442162    -0.628418831737
  99     -0.710582589340     0.312510521302    -0.630404281238
 100     -0.469832376402    -0.187880741693    -0.862530211057
 101      0.854910832234    -0.305090016547    -0.419580207746
 102      0.329123092272     0.116989642552     0.937011960259
 103     -0.063561720765    -0.968982693911    -0.238814669888
 104      0.509282146060     0.842950831348     0.173394324111
 105      0.353614113177     0.612242563818     0.707188872940
 106      0.697322519869     0.646179689044     0.310150145494
 107      0.133576210736    -0.426599588168     0.894522323534
 108     -0.774913957926     0.621705714115     0.113975272968
 109     -0.869772136511    -0.016101349334     0.493190812058
 110     -0.910141449260    -0.352512477351    -0.217663721487
 111     -0.709285574438     0.200504738842     0.675804575004
 112      0.940469368876    -0.315091307043    -0.127415989703
 113     -0.830854962685     0.043063234237    -0.554820321220
 114     -0.531204772039    -0.755171999872     0.384105116827
 115      0.631661204918    -0.517607244487     0.577136779850
 116      0.427913490399    -0.898458321569    -0.098298978319
 117      0.591996559064     0.037842889529     0.805051544790
 118     -0.244998382904     0.273230271389     0.930226322553
 119     -0.599756440993    -0.541013654407     0.589573097446
 120     -0.154685735750    -0.334636098041     0.929564954720
 121     -0.675355300439     0.480104200891     0.559817090178
 122     -0.774415281329    -0.534985188090     0.337745200659
 123      0.763996917013    -0.567324391606     0.307330026979
 124      0.173236610112     0.810436182700     0.559626903112
 125      0.147688471645    -0.988826102411    -0.020274479868
 126      0.927761214434    -0.328736386726     0.176611203027
 127     -0.372696577480    -0.492207552771     0.786656841405
 128      0.051360477206     0.896559458484    -0.439935493889
 129      0.956475767336    -0.050112697597    -0.287476649553
 130     -0.063784572061    -0.484503269738    -0.872460950404
 131      0.205120504789     0.392267100147     0.896689523000
 132      0.883149120527     0.215913143961    -0.416448250299
 133      0.473184430701    -0.773071069903    -0.422442440365
 134     -0.830317608980    -0.255642220253    -0.495196651283
 135     -0.119924699327     0.294523572346    -0.948089622253
 136      0.837414610699     0.386653238733     0.386310811091
 137     -0.432605147126    -0.207660067948     0.877342625694
 138     -0.624632251902    -0.380690048337    -0.681842824250
 139     -0.147747639635    -0.987557388392     0.053861299786
 140      0.031540183957     0.158755501305     0.986814018750
 141      0.185387073264     0.966849701435    -0.175594099848
 142      0.470218903272     0.220695841705    -0.854510110215
 143      0.050544691712     0.526539738670    -0.848646650698
 144      0.348860228972     0.493969120870    -0.796423912416
