 155     0.294877115333       16.957032552858  
   0      0.341907293688    -0.919589071144     0.193533828455
   1      0.855260311069    -0.103482354527    -0.507760969956
   2      0.380343508937    -0.801713629427     0.461079246551
   3      0.842454386471    -0.087918212305     0.531545853771
   4     -0.960811076593     0.245135280105     0.129424764031
   5     -0.230186358294    -0.745000197858    -0.626090205679
   6      0.579827736697    -0.783144179368    -0.224688651423
   7      0.122249782944    -0.788270184737     0.603063103186
   8      0.573298651620     0.326169160967     0.751626459410
   9      0.020368369978     0.821685696459     0.569576812852
  10     -0.675741475067    -0.628401408217    -0.385337681813
  11     -0.152959825050    -0.982226983176    -0.108781641109
  12     -0.642161327203     0.729068067010     0.236830284193
  13     -0.407872203438    -0.704956290890     0.580238652278
  14      0.342860549980    -0.694197097344    -0.632879951734
  15      0.660462303248     0.361880282611    -0.657899845756
  16      0.158719966509     0.986922608781     0.028137812787
  17      0.472746291001     0.227443104564    -0.851340459823
  18     -0.734080229952     0.640636502588    -0.225191224398
  19     -0.242473878171    -0.270136965706     0.931789910958
  20      0.049184772643     0.878881929452    -0.474497009709
  21      0.780101462549    -0.374522680962     0.501173093426
  22      0.181026106222     0.670987889551    -0.719030458981
  23      0.897120098781    -0.441758045145     0.005035664117
  24     -0.883278812496     0.125618746851    -0.451706176442
  25      0.656514326306     0.749813450180     0.082272287459
  26      0.229208354607    -0.090735747616     0.969139078916
  27     -0.171735103702    -0.868461292930     0.465061325891
  28      0.238715957694     0.071325835854    -0.968466476798
  29      0.538156735333     0.791361989146    -0.290057805187
  30      0.433021733266     0.900617596893    -0.037150002493
  31      0.409673229784     0.132752523354     0.902521253124
  32     -0.007882343113    -0.379664254995    -0.925090764274
  33     -0.585483547287    -0.794878249538    -0.159303434577
  34     -0.703931071591     0.543375753711     0.457409921982
  35     -0.864276657873     0.302152023938     0.402156702153
  36      0.106469429112     0.943094153104     0.315020124828
  37      0.100435713491    -0.994075133604     0.041560753197
  38      0.310811039163     0.407112266040     0.858869082441
  39     -0.035701434405     0.508978253305    -0.860038688225
  40      0.960947400273     0.001409959841     0.276727493977
  41      0.496011877322    -0.145348011239     0.856064351077
  42      0.331950874545     0.799448129184    -0.500690828389
  43     -0.837826792494    -0.520651776808     0.164219344433
  44      0.020944961245     0.448817122215     0.893378139091
  45     -0.383422914527     0.718700002851    -0.580049286283
  46      0.577807707577     0.711685569613     0.399552128100
  47      0.239295365793     0.936438009565    -0.256557171311
  48     -0.400781421025    -0.915450303673     0.036400467947
  49      0.776650464794    -0.391906365723    -0.493176901365
  50     -0.944763040484     0.026535114659     0.326678259187
  51      0.355569316076    -0.929190877198    -0.100870090696
  52      0.460108121080     0.585203121948     0.667710882777
  53      0.578511599459    -0.391219842734     0.715731349001
  54     -0.019332197001    -0.093528002959    -0.995428942126
  55      0.986962696676    -0.160949075792    -0.000174276488
  56     -0.025657693529     0.201498373138    -0.979152740069
  57      0.568749028153     0.626670294816    -0.532737162746
  58     -0.243377245202    -0.521183528350    -0.818006874234
  59      0.822629565734     0.209257910066     0.528669769000
  60     -0.526876059991     0.208689892143    -0.823923628940
  61      0.967664391400    -0.008891966716    -0.252084427415
  62     -0.154088624037    -0.969912865333     0.188482703725
  63      0.104265461374    -0.962207924759    -0.251564351798
  64     -0.970531186361     0.167569841350    -0.173174953646
  65     -0.741703439297    -0.205529262423     0.638462003899
  66      0.845262387725     0.191095358814    -0.499013085737
  67     -0.638630593787    -0.655228392958     0.403517927410
  68      0.788025025441     0.556918632117     0.262408453523
  69      0.091121121654    -0.933033665643     0.348059075396
  70      0.919531576474     0.292989983980     0.261951425181
  71     -0.495159339911    -0.371173040343    -0.785523903024
  72     -0.401767602196     0.898445851609     0.177137928044
  73      0.729269667613    -0.684161096864     0.009452271546
  74     -0.513836143286    -0.262846815383     0.816629640349
  75      0.755578939411     0.632726787782    -0.169579710876
  76     -0.148048031189    -0.907152145887    -0.393899434721
  77     -0.352413153003     0.003449365520     0.935838165212
  78      0.240902672516    -0.222582318536    -0.944681435114
  79     -0.183301376640     0.908753910795     0.374922571923
  80     -0.836742490386     0.511280027969     0.196098795977
  81      0.015167004594    -0.650345522422    -0.759487105511
  82      0.481305216107    -0.067147208967    -0.873977426068
  83     -0.493713151691    -0.613014966500    -0.616814376206
  84     -0.676835884265     0.329293846115     0.658375841508
  85     -0.846097133048    -0.161438362614    -0.507993402048
  86      0.522612958572    -0.473240657701    -0.709167804847
  87      0.587626331833    -0.768217325363     0.254042191672
  88     -0.895005175387     0.438158437091    -0.083563868014
  89     -0.276112135513     0.047040464187    -0.959973584716
  90     -0.808566464051     0.076345581515     0.583430908845
  91     -0.425592845606    -0.808371999387    -0.406700676635
  92     -0.835816256472     0.405104422986    -0.370542294340
  93      0.128673007553     0.186431124847     0.974005489110
  94      0.689146824188     0.075201493928    -0.720708949592
  95     -0.940036473511    -0.251962480886     0.229883311039
  96     -0.726192344233     0.040510074140    -0.686297029770
  97     -0.516788142513    -0.084682291549    -0.851914857985
  98      0.420398875854     0.502666019914    -0.755375176720
  99      0.921882314711    -0.290185172161     0.256759739216
 100      0.310212963974     0.793874008334     0.523002844996
 101     -0.506068168748     0.799218123614    -0.324261313554
 102     -0.043538249651     0.981513901782    -0.186372963239
 103     -0.857322294022    -0.395707375876    -0.329263051146
 104      0.895000453363     0.445928782649     0.011032193141
 105      0.378780670987    -0.616340860425     0.690397817969
 106     -0.582081959492     0.812163112840    -0.039644300680
 107     -0.800863349955    -0.411072904458     0.435473262003
 108     -0.326677722587     0.937930773694    -0.116479737825
 109      0.990935405658     0.133520216955     0.014811261862
 110      0.608715466973    -0.633769586904    -0.477285649253
 111      0.181182921059     0.644988014952     0.742403670307
 112      0.919964156947    -0.299885199552    -0.252457554895
 113      0.095462409158    -0.834098353832    -0.543292614134
 114      0.671771967110    -0.218874974780    -0.707683664938
 115     -0.635627119396     0.589545828350    -0.498411357578
 116      0.607541369127    -0.613615616479     0.504350433739
 117     -0.703797762933    -0.409275988308    -0.580656416726
 118     -0.233752794122     0.889708319216    -0.392146322128
 119     -0.460618898982     0.263202115189     0.847676162494
 120      0.108023580300    -0.577739635550     0.809041296606
 121     -0.061262691261    -0.046749773064     0.997026249092
 122     -0.273804697511     0.339636287077    -0.899821193416
 123     -0.241878184277     0.716663359602     0.654131923220
 124     -0.428117671450    -0.844660795242     0.321346231305
 125     -0.653227877594    -0.746994409499     0.123663624851
 126      0.213471680296     0.358959015320    -0.908613375992
 127     -0.104914998135     0.729046329524    -0.676375851561
 128     -0.493638021714     0.562117483996     0.663585290452
 129      0.323916629295    -0.384653053686     0.864361062031
 130     -0.347139811877    -0.506223696494     0.789450137829
 131     -0.599543656199    -0.481998854445     0.638924493681
 132      0.789100801875    -0.553282424111     0.266830439887
 133     -0.265686632835     0.484018656346     0.833748495316
 134      0.047514331991    -0.321791027210     0.945617746800
 135     -0.439455961323     0.780442607432     0.444733397173
 136     -0.471744448760     0.484848861668    -0.736463683017
 137      0.389156597594     0.885446262530     0.254051291516
 138     -0.963236933642    -0.119386392157    -0.240668857637
 139      0.698941232514     0.477809409472     0.532145959030
 140     -0.162907375954     0.228083106368     0.959916289813
 141     -0.139817308745    -0.697278207875     0.703032162136
 142     -0.937867528642    -0.343301645656    -0.050482460417
 143     -0.270830623289    -0.246320355021    -0.930578882305
 144     -0.705951140683     0.332780203909    -0.625212222253
 145      0.930615700235     0.282967081032    -0.232129381010
 146     -0.796468568843    -0.592923633018    -0.118656581166
 147     -0.128236544194     0.987084040145     0.096023363945
 148      0.254934570910    -0.494325583238    -0.831053898560
 149      0.786760529272    -0.562960916451    -0.253145958152
 150      0.783725294808     0.465709078650    -0.410961940258
 151     -0.609803557153     0.014923375062     0.792412086329
 152      0.678205250884     0.051208479849     0.733086167694
 153      0.344090220905    -0.855815140189    -0.386241330907
 154     -0.998610450240    -0.033515054220     0.040668290017
