 157     0.292929573976       16.844221938966  
   0      0.576084454618     0.230046767628     0.784350167879
   1     -0.131159758900     0.732509103577     0.668002642825
   2     -0.733527818202     0.040482802384     0.678452712159
   3     -0.943521814904    -0.201855296024     0.262718526691
   4     -0.514456801528     0.534160758041    -0.670825226069
   5     -0.017241272443     0.003253040372    -0.999846066279
   6     -0.126943124729     0.983614315686     0.128016878031
   7     -0.505111385359     0.051631854613     0.861508351654
   8     -0.624940462263    -0.683540613528     0.377122855690
   9      0.903743894135     0.052905950408     0.424791636246
  10      0.647649967476    -0.315668611159    -0.693471591024
  11      0.471724329945    -0.549849201076    -0.689305456684
  12     -0.898989419512     0.029349145668     0.436985870771
  13     -0.257802808794     0.524151784470    -0.811666568620
  14     -0.164270759724    -0.947631673937     0.273878308835
  15      0.404563361011     0.894273713337    -0.191319137990
  16      0.600664587671     0.764262408296     0.234744593941
  17     -0.280666224972    -0.959790569880     0.005341547424
  18     -0.337464767676     0.746466422873    -0.573502755094
  19     -0.986371082341     0.163544601320    -0.018034724862
  20      0.367776042477     0.842101825411     0.394468374168
  21      0.801079944610     0.588111631494     0.111335669236
  22      0.780239700247    -0.622985690312     0.055810750088
  23     -0.013701114431    -0.729446105428    -0.683901059174
  24     -0.913500546347    -0.403871631760     0.049035261635
  25     -0.351087248024    -0.208414847857     0.912853216825
  26      0.485219705368    -0.678769587149     0.551211107547
  27     -0.822371968161    -0.457742476555     0.337899646552
  28      0.506523889914    -0.742789257583    -0.437832922204
  29      0.388981055961     0.915757850714     0.100405661985
  30      0.927606619151    -0.373294734251     0.014035721859
  31      0.056942144680     0.084228310219     0.994818166258
  32     -0.962771514646     0.015771676521    -0.269856007542
  33     -0.852052581022     0.163567024332    -0.497244635693
  34     -0.386311988461     0.757481427952     0.526293581454
  35     -0.147561195155     0.288380208899    -0.946077453912
  36      0.360521468967     0.447572569137     0.818353875637
  37      0.417825476059     0.173571617302    -0.891793005816
  38      0.404223993553    -0.353806119596     0.843459656873
  39      0.933171945933     0.358659041222    -0.023533199384
  40      0.838628135552    -0.223481273970     0.496748397526
  41     -0.801764309446     0.513065144330     0.306493311137
  42      0.743868048487     0.019986152211     0.668027604339
  43     -0.087685292863    -0.840061945041     0.535357093826
  44      0.591925753578     0.486082978391     0.642920866336
  45      0.984469660455     0.097534357753    -0.145967587844
  46      0.984147895537     0.099280796075     0.146956603254
  47      0.565737640371    -0.819902584189     0.087753488296
  48      0.493573058818    -0.054546002916     0.867992148107
  49     -0.760208136568     0.451387173830    -0.467261391939
  50      0.129707929834     0.991467459897    -0.012966452996
  51     -0.605769820462    -0.207393758651     0.768134593343
  52      0.752551336910    -0.044606252991    -0.657021131706
  53      0.693858577988    -0.524547424706    -0.493366266568
  54     -0.770971752731    -0.467006774648    -0.433021049054
  55      0.633683186455     0.771546594586    -0.056226964934
  56      0.372170171540    -0.337382110142    -0.864674895653
  57     -0.071572205351     0.716914139840    -0.693477855103
  58     -0.682889493959    -0.293443179438    -0.668994050408
  59      0.178176195530    -0.551201971201    -0.815125530388
  60      0.496625877785     0.613516215641    -0.613971164355
  61      0.126860169941    -0.943531850245     0.306029647022
  62      0.788218275605     0.232720076442    -0.569695810080
  63      0.123188392218     0.952843817092     0.277332436350
  64      0.802781867294     0.567910974276    -0.181709655330
  65      0.648734620120    -0.252541063260     0.717890245111
  66     -0.991454407913    -0.129339092365    -0.017016351442
  67     -0.110504980419    -0.966175108563    -0.233011392201
  68      0.232156508072    -0.148121604266     0.961334149039
  69     -0.920070476904    -0.316725699183    -0.230554004535
  70     -0.717581344580    -0.003875196260    -0.696463923520
  71      0.369805137161     0.676942919284     0.636390166926
  72      0.456883301558    -0.871267733893    -0.179304725633
  73      0.838315664848    -0.263449608892    -0.477306138286
  74     -0.804569109726     0.295390108067     0.515182716840
  75      0.100504772280     0.365456490292     0.925386591891
  76     -0.609579961041     0.300075859521     0.733734795161
  77     -0.104636010968     0.884177574952    -0.455281584473
  78     -0.286159416320    -0.677888034743     0.677185794892
  79     -0.360635711124     0.878616004044    -0.313010864509
  80      0.126178410591     0.819781594258     0.558602852137
  81     -0.912921246571     0.317971258022    -0.255869256910
  82     -0.602422952849     0.726300151024     0.331020658727
  83      0.579325221958     0.358502131674    -0.732023571197
  84      0.116459358691     0.617978638106     0.777521459909
  85      0.847822715770    -0.446383072723     0.286249532770
  86      0.067794059249    -0.889268086378    -0.452334208391
  87     -0.109072237368    -0.497292076954    -0.860699620794
  88     -0.368822940107     0.890636266715     0.265963680345
  89     -0.123187308485     0.896558655132     0.425449720809
  90     -0.757611259645    -0.641704740523     0.119332331114
  91      0.730998432519     0.556494668208     0.394911351964
  92     -0.390874097999    -0.884312699550    -0.255359528759
  93     -0.611347899603    -0.786314029969    -0.089241200823
  94      0.404404648237    -0.852967247537     0.330005689517
  95     -0.357606937756     0.303792329984     0.883078421383
  96     -0.189749139266    -0.229152080833    -0.954717019853
  97     -0.898057139936     0.438963352223     0.028364569718
  98      0.897132294930     0.351874486129     0.267091728448
  99     -0.146475425649     0.504299609401     0.851015190017
 100     -0.442444625702    -0.450455494586     0.775456382129
 101     -0.660035408601    -0.476185312911     0.581034256443
 102      0.592639621791     0.728743280770    -0.343091109497
 103      0.202818457705    -0.807407271163     0.554038059782
 104      0.137748677029     0.943364961396    -0.301807640039
 105     -0.233385499381     0.053468869070     0.970913121097
 106     -0.666564459282     0.284481778980    -0.689029708395
 107     -0.426614056872     0.289085053404    -0.856989077164
 108     -0.370846538730     0.928370453251    -0.024518283853
 109      0.666006943387    -0.673446807942     0.320786764431
 110      0.179579834592    -0.964763004145    -0.192310761117
 111     -0.409458097123     0.547816484299     0.729548604434
 112     -0.170366082811    -0.437032691380     0.883163532135
 113     -0.587486047321     0.685127446400    -0.430651281657
 114     -0.007294436987    -0.647891483386     0.761697720191
 115     -0.789371276519     0.578662406954    -0.205043426096
 116      0.093291251379    -0.304322658029    -0.947989695211
 117      0.269132501653    -0.745766444607    -0.609426046910
 118      0.894138255351     0.321701291240    -0.311488458106
 119      0.955994952023    -0.179625003936     0.231966613259
 120      0.264585088684    -0.067111389498    -0.962024319987
 121      0.696861581003    -0.476839321109     0.535731461430
 122      0.319614386807     0.444172589550    -0.836993043244
 123     -0.303785254169     0.040654164489    -0.951872763692
 124     -0.119542815073     0.978796658049    -0.166332851706
 125      0.726106627775     0.501293825034    -0.470609887364
 126     -0.372193792465    -0.819557140378     0.435657978815
 127     -0.803375054633    -0.222330682043     0.552410707188
 128      0.303716746273    -0.949992034525     0.072603528653
 129     -0.061352685905    -0.183402904800     0.981121410654
 130      0.281637105765    -0.601861861681     0.747290331872
 131      0.219196117231     0.681689783439    -0.698034455701
 132      0.009259940338    -0.999008721801     0.043541098644
 133     -0.508879599721    -0.141518899124    -0.849125405449
 134     -0.495761207232    -0.851262940117     0.171965787841
 135     -0.640672072826     0.535652262745     0.550105397644
 136     -0.932510344287     0.256118345345     0.254613139834
 137      0.909032795930     0.014232193263    -0.416481476898
 138     -0.596433037551    -0.711255878185    -0.371998262716
 139      0.790162512632     0.299528486835     0.534720384131
 140      0.141960420454     0.245709885498    -0.958892012269
 141      0.530826766510    -0.092143138194    -0.842456281382
 142      0.120889400635    -0.412700806106     0.902808837713
 143     -0.385669319216    -0.406457613574    -0.828282188981
 144      0.326290269489     0.178231560828     0.928314693820
 145      0.342026154038     0.814924645461    -0.467884528675
 146      0.852273048451    -0.455741620218    -0.256768819147
 147      0.959616655069    -0.187241036803    -0.209944443727
 148      0.687712346904    -0.694071315596    -0.212877281040
 149      0.033896570354     0.503038391159    -0.863599096537
 150     -0.219257907891    -0.844091860831    -0.489320856194
 151     -0.559692591466    -0.553941457570    -0.616354658166
 152     -0.592403509382     0.790148055770    -0.157239091943
 153     -0.863434798249    -0.167146948786    -0.475964543515
 154     -0.296080666563    -0.652709726783    -0.697356617127
 155     -0.801272352602    -0.575748344861    -0.162715888422
 156     -0.732732304833     0.676543409343     0.073432858643
