 158     0.292091961859       16.795708629312  
   0      0.860714788466     0.054466543578     0.506165435947
   1     -0.520418286920     0.850267213368    -0.078806551191
   2      0.539976384370    -0.753849238420    -0.374348540876
   3     -0.893756359649    -0.441262747869     0.080540405571
   4      0.134273687486     0.825135242683    -0.548746214685
   5      0.308654050773    -0.094919390438    -0.946426429397
   6     -0.616760720575     0.710272752008    -0.339291661128
   7     -0.067018619790     0.987245222611     0.144413901802
   8      0.109876061367     0.188711734545    -0.975866349652
   9      0.085086279259    -0.905698457866    -0.415295832511
  10      0.441571823165     0.889532892095    -0.117241455415
  11     -0.421709220523     0.789887243289     0.445240919295
  12      0.850958589938    -0.275430904168    -0.447221751752
  13     -0.645642299529    -0.715348060881    -0.267251141911
  14     -0.188057061799    -0.845619106793    -0.499562676482
  15      0.072408083230     0.815322541025     0.574461681558
  16      0.351622421582    -0.360466726757     0.863959149232
  17     -0.398235809513    -0.867556490026    -0.297916056355
  18      0.405630548387     0.799034077278    -0.443856284809
  19      0.881271376490     0.306415267255     0.359820017471
  20      0.410382237042    -0.757994401698     0.506982156012
  21      0.046822569695     0.645797168529    -0.762071954665
  22      0.820247498935     0.226631483621    -0.525197306850
  23      0.569445726315    -0.105156068300    -0.815275270127
  24     -0.068549915174     0.416058278047    -0.906750471959
  25     -0.601731613589     0.775385979066     0.191561083406
  26      0.950401058980     0.301581744049     0.076067593275
  27      0.020558079084    -0.088670152305    -0.995848868792
  28     -0.156277552330     0.805606043150    -0.571468485464
  29      0.935418036604     0.270292088386    -0.227893141082
  30     -0.693762437095     0.385011018349     0.608654414776
  31      0.970195882092     0.057565727086     0.235385083294
  32     -0.328960796922    -0.655409863372     0.679869623592
  33      0.714621500493     0.521316422107     0.466417515832
  34      0.546303804447    -0.834347266636    -0.073598858027
  35      0.738891099430    -0.414406030566     0.531326251012
  36      0.498648272163    -0.575900921823    -0.647833334209
  37     -0.213940984658     0.735252757213     0.643142782044
  38      0.653463571379    -0.652027444177     0.384506921810
  39     -0.927044538362     0.301960790423     0.222279339886
  40      0.069955545969    -0.988299717725    -0.135535565564
  41     -0.371239401136     0.868187204284    -0.329290578914
  42     -0.264498463582    -0.137217859351    -0.954574157328
  43     -0.906581258890     0.419705632732    -0.044244806272
  44      0.512843799515    -0.537749802363     0.669190845243
  45     -0.934895773748     0.233380311064    -0.267401426018
  46      0.724004321084    -0.682113085084     0.102661980352
  47     -0.744408794782     0.662806232591    -0.080891558829
  48      0.298108295041     0.424261643618     0.855063449214
  49      0.666486605641    -0.336295635996    -0.665357685543
  50     -0.685452848215     0.013265959589    -0.727996158775
  51     -0.241622237732     0.240412755485     0.940117227389
  52     -0.372466808277    -0.816895973976     0.440396916921
  53     -0.638300939379    -0.172786668286     0.750144438126
  54     -0.284976176297    -0.939488989749     0.190128948571
  55     -0.346916061611     0.918168002492     0.191355076747
  56      0.604897043689    -0.272092548472     0.748375047421
  57      0.844103060112    -0.468231604024     0.261245457190
  58     -0.512506723871    -0.436193675982     0.739643113278
  59     -0.088826040809     0.942434257889    -0.322378045207
  60      0.151786314826    -0.340614100940    -0.927870114225
  61     -0.736399781131    -0.377389284761     0.561509296537
  62      0.931867325562     0.011155621128    -0.362627687397
  63     -0.653006045871     0.515996190045    -0.554374454602
  64     -0.486688410470    -0.873465827392    -0.013850613455
  65      0.739438414552    -0.646768482301    -0.186872580617
  66      0.640789574967     0.170136105902    -0.748627027352
  67     -0.388934631973    -0.221393964167     0.894267613571
  68      0.015003789218    -0.988359426527     0.151395278345
  69     -0.274343731492    -0.655374896562    -0.703718169403
  70     -0.575729823393    -0.625598451053     0.526461535628
  71     -0.806351343910     0.267571540962    -0.527449505301
  72      0.426383252603    -0.359383364339    -0.830084886826
  73      0.179612444501    -0.150637890113     0.972135585113
  74     -0.430304773639     0.704750057322    -0.564061307384
  75     -0.729013646582    -0.259613866559    -0.633355937359
  76      0.238542927220    -0.577551486648    -0.780725016983
  77      0.491138148353     0.420577018987    -0.762822581163
  78      0.070344104997    -0.430573258188     0.899810188998
  79      0.713524255063    -0.533062415574    -0.454673067752
  80     -0.992460269014     0.122560401786     0.001249937040
  81     -0.858626256734     0.181459020409     0.479409611042
  82      0.329475924359     0.650966911526    -0.683876959230
  83      0.242985375743    -0.613532505031     0.751356088979
  84      0.220569183725     0.438044623619    -0.871473546879
  85      0.302978734630    -0.952284152932     0.036861611969
  86     -0.251578806128     0.964455408355    -0.080832354921
  87      0.242445602286    -0.915776648947     0.320270603047
  88     -0.694685470741     0.111082025841     0.710684796711
  89      0.388382146087     0.804466870514     0.449435604783
  90     -0.985195082149    -0.167052223640     0.038525377165
  91     -0.241832257693     0.601121017968    -0.761689359842
  92     -0.971577382727    -0.054036473828    -0.230472230148
  93      0.022065806924     0.365686012852     0.930476673630
  94     -0.306179502204    -0.410104037752    -0.859109300759
  95     -0.178319940665     0.141209561176    -0.973787378535
  96      0.637511041999     0.714796697198    -0.287481048079
  97      0.723498905655     0.280125777201     0.630934927281
  98     -0.896514875506    -0.293062307887     0.332228177149
  99     -0.865740454766    -0.017117998532    -0.500200398948
 100     -0.483038315407     0.341607231867     0.806212431673
 101     -0.350815571621     0.351784424145    -0.867857219615
 102     -0.044560958574    -0.538771457764    -0.841272629574
 103     -0.014213638076     0.066378163056     0.997693295538
 104     -0.838663670077    -0.507133165722    -0.198643400890
 105      0.513315343769     0.228750530202     0.827152073553
 106     -0.803806877911     0.564511146079     0.187674369522
 107     -0.468053101977     0.591820757222     0.656257940943
 108     -0.958624349227    -0.011680214252     0.284434403094
 109      0.263270275108     0.146216518171     0.953577208232
 110     -0.096145681510    -0.906751377822     0.410558091803
 111     -0.517752196856    -0.210968904289    -0.829110839438
 112     -0.106473702427    -0.209565020441     0.971980376807
 113     -0.153334463506     0.899430691666     0.409283487563
 114     -0.731706419159    -0.681549181879     0.009819818807
 115      0.308429416488    -0.775343898449    -0.551101745763
 116     -0.464642916632     0.060507582362     0.883428430887
 117     -0.244429728136     0.508992785710     0.825336568982
 118     -0.450703206326     0.078137517071    -0.889247517980
 119      0.819511681597     0.539086142387     0.194388103578
 120      0.586575520880     0.595322232859    -0.549108912118
 121      0.201071769485     0.936549994259    -0.287131070714
 122      0.792648137031     0.477811276648    -0.378688941969
 123     -0.045066741833    -0.661846586624     0.748283425284
 124      0.851050829180     0.516397978779    -0.095108431090
 125      0.681144428302     0.009401333898     0.732088712325
 126      0.187413399777     0.982280583983     0.001035333093
 127      0.158814517217     0.933436025457     0.321675512745
 128      0.619426464802     0.730876578076     0.286583813784
 129      0.895660611009    -0.211725145046     0.391106804905
 130      0.448570008363    -0.070714415033     0.890945800318
 131      0.997549389404     0.043161510294    -0.055066321180
 132      0.784643642447    -0.047998711404    -0.618086141303
 133     -0.717950687378    -0.515415490813    -0.467860750998
 134     -0.586154603907    -0.771812455063     0.246431155758
 135      0.130109620938    -0.811915988639     0.569090426850
 136     -0.218454983664    -0.971454516371    -0.092485364975
 137     -0.832835171270    -0.102232432542     0.543998260321
 138      0.503343900034    -0.836832281964     0.215305945488
 139      0.392318968511     0.181348882105    -0.901775143761
 140     -0.656560477864     0.616545138483     0.434511715745
 141     -0.606407989081     0.294255233829    -0.738703735028
 142      0.294861470413     0.663544468785     0.687579414476
 143      0.890313110759    -0.454556907245    -0.026843674972
 144     -0.218230777161    -0.456294856529     0.862653077317
 145      0.680222909894     0.733004766911     0.000896962041
 146     -0.878503531900    -0.284656491370    -0.383669423280
 147     -0.494216686138    -0.699263009939    -0.516508576961
 148      0.023139414197     0.618999565337     0.785050384131
 149     -0.811788329876     0.494793225923    -0.310127991412
 150      0.037967954879    -0.751379379430    -0.658777248066
 151      0.972439557428    -0.205924068869     0.109346170529
 152      0.326755502875    -0.911078489229    -0.251330117186
 153      0.959020975189    -0.216959652746    -0.182228642721
 154      0.407500803075     0.896679619160     0.172941481654
 155      0.530460227807     0.490921749197     0.691091732609
 156     -0.540026805440    -0.473360911331    -0.695917018782
 157     -0.768345961085    -0.555171822345     0.318478777564
