 165     0.285859876802       16.434849648442  
   0     -0.387536664293     0.918889588677    -0.073873253953
   1      0.398102569970    -0.392712681174    -0.829030212856
   2     -0.805751072225     0.211709582054    -0.553122285281
   3     -0.599552244190    -0.435928820172     0.671195329416
   4     -0.252833732615    -0.800393436832     0.543548939773
   5      0.086992325275     0.916645699362    -0.390119208940
   6     -0.986833312478    -0.115512909664     0.113211223314
   7     -0.139788629226     0.988899595745     0.050365947574
   8     -0.808999886844    -0.568009737656     0.151274984764
   9     -0.790750330236     0.480771817730     0.378909454234
  10     -0.348067836838     0.621605936903     0.701751266594
  11     -0.935569586512     0.190719076528    -0.297213362152
  12     -0.816359384979     0.438253530158    -0.376153157450
  13     -0.393726011346     0.700259836357    -0.595496422806
  14      0.357747523568     0.597771676589    -0.717416010449
  15     -0.374090224228    -0.914569727107    -0.153683826071
  16     -0.757541051421     0.629676662873    -0.172159390231
  17     -0.977476499761    -0.096100477390    -0.187894626481
  18     -0.417024534140     0.477626351140    -0.773281065734
  19      0.029053831771     0.299312662355     0.953712642788
  20      0.102790163574     0.974207368717     0.200883511047
  21      0.875571519153     0.445294033817    -0.187317213025
  22      0.675085688968    -0.573020650454    -0.464657558535
  23      0.576481217028     0.143060958773    -0.804489259399
  24      0.237296791465    -0.744694616634     0.623794966889
  25      0.281765294731    -0.882238760375     0.377177794119
  26     -0.419472410714     0.775574622014     0.471727572162
  27     -0.156815635660     0.956429244355    -0.246276180244
  28     -0.508232575842    -0.672089374010     0.538512323161
  29      0.775725711796     0.184025379110    -0.603642510019
  30      0.976409933458     0.202259872596    -0.075594879334
  31     -0.889570058500    -0.043345050881    -0.454737635990
  32      0.330578932772     0.794855627871    -0.508843885734
  33      0.070102514399    -0.975372380876     0.209127607213
  34     -0.339222616038    -0.272154171450    -0.900477719730
  35      0.184083994505    -0.543032354898     0.819285630596
  36      0.581792716011    -0.812435961596     0.038275891919
  37      0.384261712477     0.348551175693    -0.854900587347
  38     -0.990419617188     0.136328691361    -0.021987946717
  39      0.754378089986     0.591643431018     0.284379584152
  40     -0.498763558479    -0.019022916499    -0.866529307861
  41      0.823194239613    -0.328526963726    -0.463056452253
  42     -0.805615155202     0.582929293038     0.105724458031
  43     -0.399596628580     0.847114806977    -0.350312772000
  44      0.334347215778     0.909504434694    -0.247009357258
  45      0.762422116467     0.647067258455     0.004059477567
  46      0.703119775999     0.655551933096    -0.275452797434
  47      0.997499876951    -0.070167853740     0.008394509113
  48      0.903539980708     0.417056830177     0.098382435754
  49     -0.930322848228    -0.366568653133    -0.011261465525
  50      0.688680264150    -0.517406269090     0.507947090233
  51     -0.919822042177    -0.066242809593     0.386703117265
  52     -0.361948067534     0.229220622582    -0.903577059576
  53     -0.594866155937     0.569549991603     0.567227523650
  54      0.772033049472     0.443931804508    -0.454851100327
  55     -0.233198077435    -0.016580375212    -0.972287893496
  56      0.559752982711     0.823337370325    -0.093766587717
  57     -0.589193586586    -0.269178050361    -0.761836002516
  58     -0.705847259956     0.314858420739     0.634542213334
  59      0.094320537086     0.989030891061    -0.113672920306
  60      0.332651520209    -0.937584478058     0.101382013231
  61     -0.034707326598    -0.709146658843     0.704206232387
  62      0.459306227408    -0.606306930814    -0.649176166469
  63     -0.308291449147    -0.851288804535    -0.424574791593
  64      0.576530992611     0.794640484866     0.190153922838
  65     -0.733516389153    -0.522951704114     0.434137330817
  66     -0.623605998479    -0.166552791380     0.763790368062
  67      0.819651371671    -0.263316170583     0.508759494483
  68      0.112614778820    -0.990944378467    -0.073124211966
  69      0.235232645104    -0.192914315291    -0.952601527205
  70      0.014494349467    -0.877974013242     0.478488814817
  71     -0.616974724507    -0.734838976880     0.281698184904
  72      0.846586814680    -0.455873441195     0.274718348172
  73      0.843974676748    -0.486687292530    -0.225482203949
  74      0.639703892505    -0.357732601790    -0.680298695817
  75     -0.315301982805    -0.598729308733     0.736279752882
  76      0.476658283923    -0.773409197749    -0.417893638626
  77      0.936783210180    -0.348986610399     0.025407929604
  78      0.392756336422    -0.286117463246     0.874001863514
  79      0.341330596308     0.880924545938     0.327819109248
  80     -0.791675533150    -0.260628563322     0.552560043971
  81      0.761800397309     0.220318147494     0.609196247973
  82     -0.150297844334     0.931841274686     0.330276243136
  83     -0.040685193390    -0.850079817233    -0.525080012353
  84     -0.638071126267     0.709167029454     0.299912257436
  85      0.397376899278    -0.900887202502    -0.174624878778
  86      0.668418109168    -0.712043104481    -0.214969413399
  87      0.947971717766    -0.220448900547    -0.229677827759
  88      0.256517668559    -0.051697165949     0.965155991925
  89      0.334756008871     0.941576366746     0.037045379066
  90     -0.609563395839     0.222394405259    -0.760902881426
  91      0.547394039565     0.285629876568     0.786622742527
  92     -0.926428084238     0.333300728205     0.175047505873
  93     -0.156876239747     0.797526372160     0.582530283429
  94      0.123317970057    -0.447338202336    -0.885822336020
  95      0.863247111515     0.342012361262     0.371257281686
  96     -0.158104517635     0.645014633162    -0.747635662947
  97     -0.648556373767     0.459832952554    -0.606570923958
  98     -0.162849943865    -0.222231953485     0.961297484982
  99      0.889954699971     0.015984252241     0.455768730477
 100     -0.394412445497    -0.348760703834     0.850179271859
 101     -0.501949730444    -0.675568092122    -0.540050202309
 102      0.566609791159     0.634480181250    -0.525726396678
 103      0.448275722651    -0.542943773115     0.710113325968
 104     -0.614352707591     0.670328673207    -0.416209347026
 105      0.112460269066    -0.298002191246     0.947917391915
 106     -0.400163560277    -0.070120012703     0.913757248313
 107      0.120402767975     0.291548080196    -0.948948307548
 108     -0.782012700186    -0.289769558597    -0.551805889474
 109     -0.158075792665    -0.489127855406    -0.857768025074
 110      0.027681848919    -0.673175330944    -0.738964606087
 111     -0.890667004389    -0.347075157180    -0.293685414280
 112     -0.783183069183     0.023092283610     0.621362234596
 113      0.093261331270     0.877815253979     0.469832633999
 114     -0.060237892545    -0.244135012250    -0.967868530378
 115     -0.726106309313    -0.540069812488    -0.425551671616
 116      0.456959083845     0.543865042838     0.703846013607
 117     -0.877421621342     0.213156517487     0.429762256899
 118      0.910363050631     0.215258118329    -0.353416268075
 119      0.489072177639    -0.721285732105     0.490464369472
 120     -0.198860373579    -0.934040586775     0.296686255287
 121      0.304208472374     0.227294411612     0.925091593187
 122     -0.017655811121     0.635153473489     0.772184134419
 123     -0.895697647351    -0.335015038541     0.292387839149
 124      0.887961562659    -0.050163068743    -0.457173850712
 125      0.721617799278    -0.083946945612    -0.687183135771
 126      0.969166596817     0.133138207572     0.207341084444
 127      0.519349891556     0.711302422124     0.473629131729
 128      0.946094138851    -0.188120046996     0.263660251745
 129     -0.801042783936    -0.578873990588    -0.152431497153
 130      0.626028813665    -0.319073964323     0.711533365171
 131     -0.090773949945    -0.483561641565     0.870590735546
 132     -0.423963009884    -0.502303050274    -0.753622592506
 133     -0.425639366820    -0.895954473666     0.126872812422
 134      0.168981337678    -0.923239773312    -0.345070468879
 135     -0.162425177824     0.844775450766    -0.509874984081
 136     -0.584123194056     0.118556067622     0.802959870103
 137      0.729587278284    -0.054303927921     0.681728308623
 138     -0.204224636201     0.443347513036     0.872774472962
 139     -0.911237131069     0.398852320703    -0.102779945665
 140     -0.254915947721     0.173206387951     0.951324028273
 141     -0.644715406579    -0.764421631521    -0.001270347389
 142      0.078696086703     0.763967860865    -0.640437376723
 143      0.674783113884    -0.684339687688     0.276309502318
 144     -0.472161192709     0.381448229292     0.794708158049
 145     -0.619722457911     0.784430710881     0.024749444191
 146      0.608213021807     0.400859055368    -0.685119652202
 147     -0.581505633005    -0.763820168779    -0.280053474447
 148      0.098962040988     0.550204798119    -0.829144857411
 149      0.496809030441    -0.126075535104    -0.858653449723
 150      0.215576768911     0.487356501555     0.846173916579
 151      0.232465447255     0.715115917282     0.659218507539
 152      0.049191317227     0.019189841045    -0.998605009155
 153     -0.245901169336    -0.706854198473    -0.663241854093
 154      0.513957382561     0.010786156497     0.857747904538
 155     -0.101434872537    -0.960241887526    -0.260089377088
 156      0.241227889443    -0.777827238486    -0.580339463093
 157     -0.017767405107     0.021075075468     0.999620008058
 158     -0.158034588493    -0.987254476405     0.018806053783
 159      0.685224778229     0.487243356594     0.541351008825
 160     -0.137462588328     0.406201135493    -0.903385119611
 161      0.798916124940    -0.600546128715     0.032823354444
 162      0.322042033321     0.083821544491    -0.943007358112
 163     -0.725075063160    -0.028739584639    -0.688069901288
 164     -0.406063868371     0.889421798557     0.209859474543
