 176     0.277148996696       15.930734010899  
   0      0.698028172634     0.715956848354     0.012746038767
   1     -0.035045414107    -0.853340159418    -0.520175346662
   2     -0.409187172651    -0.873330872580     0.264308616463
   3      0.234369432171     0.838954533447     0.491147900405
   4     -0.123916073184     0.576763969983     0.807457819168
   5      0.305352789862    -0.468655492598    -0.828928044514
   6      0.950824724078     0.091598906158     0.295874947356
   7     -0.376323870581    -0.767829957447     0.518476133373
   8     -0.713391255398     0.579480665775     0.394049584081
   9     -0.622835130244    -0.709413539536     0.329861835405
  10      0.041814870045    -0.960170842254    -0.276267027218
  11      0.580791604943     0.386447369197    -0.716477175120
  12     -0.595305368590     0.798002947235    -0.093823314439
  13      0.104837414344    -0.888430712046     0.446878044265
  14      0.308959506864    -0.261405249758     0.914445907923
  15     -0.109488624837    -0.992905323146    -0.046381680649
  16      0.529711903834     0.739203921780    -0.415912083211
  17     -0.911559715668    -0.285376802383    -0.296005009136
  18      0.430130106053    -0.902764382853    -0.002135630844
  19     -0.072522394095     0.892630196385     0.444917784380
  20     -0.808943220969     0.583043298520    -0.075308547317
  21     -0.835694246376     0.334294732692     0.435731750356
  22     -0.620302233100    -0.473679308131    -0.625182415507
  23     -0.392001326587     0.536432844052     0.747378594674
  24      0.495000494164     0.248530204772     0.832590684607
  25      0.232934445104    -0.512903497078     0.826239400518
  26      0.513225027936     0.492699922933     0.702742382842
  27     -0.265422923928     0.042505990633    -0.963194638800
  28     -0.212625757368     0.962793043849     0.166792811656
  29      0.786537273445     0.273957790313    -0.553449407452
  30     -0.249920404456     0.349198720125     0.903105777470
  31     -0.096484666305     0.688306592192    -0.718974786980
  32     -0.382107098549    -0.201302516934    -0.901926528002
  33     -0.901122816055    -0.043748799938    -0.431351032095
  34     -0.330512423098     0.940144094113    -0.083009761365
  35     -0.306957430692    -0.799905800068    -0.515681924020
  36     -0.704068348287     0.462331362435    -0.539015280163
  37     -0.343623812033     0.090298166744     0.934756073469
  38     -0.236465981104    -0.390485486459     0.889721824305
  39      0.685833506975     0.526971665739    -0.501929541089
  40      0.786229914549     0.572401798287     0.232806148516
  41      0.281504254753    -0.001640131069    -0.959558577955
  42      0.655905945797    -0.155793867505    -0.738590320216
  43      0.160862384691    -0.251102591501    -0.954500278540
  44     -0.097007276578    -0.770760451453     0.629696684735
  45     -0.341284975394     0.856183629961     0.387909986152
  46      0.654975771796     0.036003707100     0.754791674196
  47      0.032113077798     0.751324827870     0.659150781886
  48     -0.899855722166     0.064710298106     0.431360935418
  49      0.689143525211     0.531821079192     0.492186490455
  50     -0.792590942439    -0.271568564293    -0.545939660449
  51      0.155223870379    -0.675182333324    -0.721134083810
  52      0.119182786444    -0.074128356751     0.990101232269
  53     -0.171804594995     0.935031510254    -0.310160048961
  54     -0.472587333934     0.869407074158     0.144196224672
  55      0.428667106713    -0.617033638974     0.659934845266
  56      0.214721515120     0.976567565501    -0.014507272509
  57     -0.149272957877    -0.142021649283     0.978543527484
  58      0.850049787517     0.318088993166     0.419803229107
  59     -0.722304219343    -0.668600524861    -0.176776562005
  60     -0.110238577722     0.275682146564    -0.954906702274
  61     -0.268097606913     0.802174308694    -0.533516683561
  62      0.103269080496     0.953837223678    -0.282010722740
  63      0.024981241068     0.375567457779     0.926458321919
  64      0.649448359244    -0.564381550280    -0.509598169521
  65     -0.298387032363    -0.610974240303     0.733263701955
  66     -0.249094199716    -0.928064596008    -0.276854086669
  67     -0.769744276027    -0.502587419673    -0.393572909523
  68     -0.243665104672    -0.438547451678    -0.865045345281
  69     -0.167289323080    -0.902733823145     0.396340670300
  70      0.534375287144    -0.809474972210     0.243296777322
  71      0.003896440056     0.853789046794    -0.520604534487
  72      0.418894507747    -0.641453564860    -0.642701108999
  73      0.908515389993    -0.382987170486     0.167094624058
  74     -0.536218331896     0.021594220675    -0.843803051768
  75     -0.947520498042     0.174961807553    -0.267569190469
  76      0.634639174960    -0.432632036064     0.640361334699
  77     -0.615198922170    -0.228603057406    -0.754500449507
  78     -0.059916818851     0.996272719492    -0.062053551184
  79      0.443394805725     0.617648639184    -0.649546922685
  80     -0.780672630311    -0.487183578160     0.391410788628
  81      0.656350248403     0.121288669483    -0.744643142771
  82     -0.074087567746     0.124511292517     0.989448316155
  83      0.425499241733    -0.223555495225    -0.876911247413
  84     -0.438267290590     0.840647846930    -0.318171305198
  85      0.314289207810    -0.914820447049    -0.253625399979
  86      0.371913720520     0.894256473655    -0.248968961551
  87      0.029822372449    -0.482202663005    -0.875551950425
  88      0.962060215157     0.250249446567    -0.108698467818
  89      0.009027638427     0.029518622184    -0.999523462801
  90      0.951264310851    -0.294140394450    -0.092615545418
  91      0.174988131732    -0.728628955477     0.662177467899
  92      0.924176127809     0.134321276856    -0.357569964303
  93     -0.686776324227     0.655818742238    -0.313432700608
  94     -0.647394408488     0.244305843110    -0.721938456436
  95      0.863109057645     0.502492171326    -0.050441772040
  96     -0.386757853247    -0.605076162965    -0.695917523822
  97      0.307643743921     0.460184438681    -0.832817872780
  98     -0.707818114627    -0.343770916277     0.617102158259
  99      0.803213136729    -0.421793290618     0.420641268751
 100      0.611971430707    -0.647388086700     0.454290252149
 101      0.989919719572    -0.023756183642    -0.139623037290
 102      0.700924033885    -0.665434540582    -0.256714570921
 103     -0.505292022456     0.291336178013     0.812282711513
 104      0.846456319937    -0.435004904346    -0.307054444086
 105     -0.915674188257    -0.356673027917     0.185270429689
 106      0.180356028105     0.676048073645    -0.714444333203
 107      0.908648824541    -0.168397618728     0.382098882053
 108      0.474753033380     0.880082669082     0.008003304197
 109     -0.121824150815    -0.682638565058    -0.720529989503
 110      0.328907656998     0.912996727712     0.241364306299
 111      0.858763913634     0.401906407382    -0.317798332824
 112     -0.504899709510    -0.831585560412    -0.231390879360
 113     -0.498214910646     0.681875732772     0.535562683415
 114     -0.037574281033    -0.572755086329     0.818864936659
 115      0.763950054975    -0.186300668985     0.617796385745
 116      0.661338770760    -0.750075546111     0.004207780548
 117     -0.977788115975    -0.205959974889    -0.038870155659
 118      0.240603821460    -0.828093090948    -0.506331545357
 119     -0.973538018172    -0.086890541332     0.211361682904
 120      0.931322112449     0.329526418090     0.155085339873
 121     -0.829500322811     0.216371194419    -0.514890979415
 122     -0.487057094161    -0.411386907578     0.770413005667
 123      0.014090596765    -0.979423403291     0.201323749640
 124     -0.406091155493     0.264327809443    -0.874768988125
 125      0.059920018472     0.974622838123     0.215684757912
 126     -0.694884215581     0.703916168502     0.147098452259
 127     -0.514184942525     0.674753410441    -0.529454133970
 128      0.482259708676     0.715792271201     0.505041580345
 129      0.167059157050    -0.985499225820    -0.029707136422
 130     -0.939685979111     0.339141632291    -0.044420872456
 131     -0.730217440796     0.199201448993     0.653529855383
 132      0.220595165053     0.181828084845     0.958267353465
 133     -0.411243394052    -0.175440836106     0.894482746549
 134      0.985466941922    -0.119981559840     0.120246961202
 135     -0.583381643157     0.025416368916     0.811800385944
 136      0.773117939395    -0.319345841583    -0.548002632520
 137      0.572249147244     0.780700699328     0.251072363168
 138     -0.849106850014     0.431347448578    -0.304888399031
 139     -0.576172129303    -0.583509950354     0.572312690103
 140      0.554955686010    -0.413364024491    -0.721910222827
 141      0.167642242635     0.252002638709    -0.953095351247
 142      0.558006182810    -0.219617628029     0.800248209873
 143      0.368447617080    -0.804859730400     0.465238828826
 144     -0.951895674948     0.223147762136     0.209999286355
 145     -0.874435464690    -0.228919124289     0.427736662711
 146     -0.857819047909     0.481938126805     0.178555657922
 147      0.290096363427     0.656950298289     0.695888213368
 148      0.278217903480     0.820613505452    -0.499187612880
 149     -0.750499950231    -0.005591394622    -0.660846851403
 150     -0.770411170151    -0.074263406410     0.633207371542
 151      0.700540866415     0.290990100446     0.651588256436
 152      0.838068113924    -0.543350517015    -0.049112646869
 153     -0.113785466522    -0.217111942437    -0.969492275400
 154      0.728226310078     0.637574280729    -0.251367217161
 155     -0.242411251078     0.744835893537     0.621656076178
 156     -0.882709164952    -0.462243912509    -0.084587797329
 157      0.834293324948     0.072140258242     0.546580672077
 158     -0.498005075716     0.477739464907    -0.723709850860
 159     -0.555936343044    -0.689708175083    -0.463936866079
 160      0.287242188855     0.430507769387     0.855660555033
 161     -0.611095110783    -0.790216262984     0.046054568638
 162      0.916242236529    -0.172397676767    -0.361634076168
 163      0.043667076129    -0.337290234755     0.940387411656
 164      0.417708574635    -0.006551306080     0.908557442909
 165      0.034984969762     0.495188358247    -0.868080953453
 166      0.431385423330     0.215970563124    -0.875935689650
 167      0.822477955986    -0.013740496477    -0.568630996933
 168     -0.630249137785     0.456434706331     0.628055238954
 169      0.492684530996    -0.768880431806    -0.407535071501
 170     -0.789097696448    -0.598614156099     0.137789395740
 171     -0.245678953744     0.487316675661    -0.837952450507
 172     -0.375521376991    -0.926797161160    -0.005542336023
 173      0.285005266266    -0.929922839653     0.232412371643
 174     -0.997447200082     0.069556191637    -0.016156090320
 175      0.759772811510    -0.610858345833     0.222704638964
