 179     0.275332478060       15.825647953206  
   0      0.302860019319    -0.789697581541     0.533529322912
   1     -0.800401653357    -0.568389886688    -0.190499685074
   2      0.970918767496    -0.226584917490    -0.077304735239
   3      0.548579378271    -0.232487338476    -0.803125334667
   4     -0.992431601194     0.089624802004     0.083945886247
   5     -0.083009682907    -0.605323884927    -0.791639050882
   6     -0.443332565584     0.779633410195     0.442298521364
   7      0.973464222233     0.003297621743    -0.228815501491
   8     -0.655641224530     0.180516103255     0.733177005342
   9     -0.444340365742     0.608210967107     0.657754558223
  10     -0.716200794381     0.552275982253    -0.426670436701
  11     -0.219166328059     0.550721817316     0.805401515132
  12     -0.613442902631    -0.367125751885    -0.699218483390
  13      0.179414632915    -0.660422925313    -0.729144669607
  14      0.235433550812    -0.824602301757    -0.514394874672
  15      0.040599936482    -0.934432874068    -0.353817536335
  16     -0.239047451971    -0.802396698917     0.546823420560
  17      0.048453589393     0.997993439496    -0.040759592719
  18      0.135181937402     0.491909853729    -0.860087518573
  19     -0.243594431415     0.772990683523    -0.585787637434
  20      0.817323784731     0.489490748156     0.303941833879
  21      0.773200671513    -0.459143554289    -0.437433329921
  22      0.886317701454    -0.453154137883     0.095353339790
  23     -0.107334398557    -0.226579402782     0.968060484227
  24      0.221030030647     0.690010832482    -0.689224764943
  25     -0.985573425793    -0.131583640721    -0.106446079616
  26      0.300190799270     0.937773858388    -0.174544190845
  27      0.366602228982    -0.886092802075     0.283623609412
  28     -0.456328111151     0.376619093063     0.806177842485
  29      0.175053631631    -0.638664513126     0.749308925429
  30     -0.720609785282    -0.276531023388     0.635808249758
  31     -0.933913048402     0.356269694616    -0.029636509948
  32      0.998554534826     0.030898562207     0.043978629263
  33      0.492566267274     0.124263911767     0.861357621767
  34      0.265209047987     0.554399657616     0.788863220401
  35     -0.432646546962     0.896921830114    -0.091368463199
  36     -0.492674697874    -0.737920371493     0.461243067602
  37      0.853308611998     0.260097255288     0.451900243949
  38     -0.650270389495     0.708030830840     0.275392017179
  39      0.036028560477    -0.190359490432    -0.981053111321
  40     -0.058807540372     0.655355090247    -0.753028139502
  41     -0.449322408188     0.043471363569    -0.892311388502
  42     -0.927277119124    -0.068542728523    -0.368047603871
  43     -0.973172178860     0.133865054386    -0.187125779913
  44     -0.419302383035     0.326579370801    -0.847072267371
  45     -0.935008250082     0.052728718062     0.350683981056
  46     -0.619450561037    -0.703817353803    -0.347738601419
  47     -0.897062142294    -0.331496146067    -0.292215362369
  48     -0.147969787820     0.433203089114    -0.889066940941
  49      0.499389028983     0.385848535997     0.775713545711
  50      0.848550456128     0.471412527284    -0.240275576215
  51     -0.136458425413    -0.985478582535     0.101049797126
  52      0.252906132204     0.038982658684     0.966705146679
  53      0.828387046880     0.008144153020     0.560096932087
  54      0.249113658058     0.896313860568     0.366829454546
  55     -0.922053415651    -0.386344879181    -0.023561260956
  56      0.869017968169    -0.461142578997    -0.179318969537
  57     -0.170285099083    -0.970307278139    -0.171775350443
  58     -0.971017082631    -0.172497438883     0.165440197103
  59      0.272842085479     0.307972478542     0.911433019400
  60      0.061436305103     0.948335038885    -0.311265536861
  61      0.317561149041    -0.424669706081     0.847826961919
  62      0.300974551826    -0.238195766071    -0.923405163608
  63      0.864911724113     0.500838628451     0.032990570526
  64     -0.109185133423    -0.645737969867     0.755712300357
  65     -0.439502338751     0.115163243894     0.890828334467
  66      0.369652377360    -0.474088235850    -0.799122934560
  67     -0.880353664317     0.367831556265    -0.299461803807
  68     -0.504844470281    -0.364569805759     0.782445472576
  69      0.278285771513     0.847283684202    -0.452401799132
  70     -0.743045752578    -0.485311761965    -0.460820467509
  71      0.031328858451    -0.451809864834     0.891563990226
  72     -0.921568191298     0.304713942240     0.240544137720
  73     -0.532502122931    -0.606670861535    -0.590247367498
  74     -0.392317534700    -0.919526372226     0.023626314742
  75      0.466484147565     0.680703801921    -0.564831721951
  76      0.958157538884    -0.207594317963     0.197075441975
  77      0.024222466928     0.830084730100    -0.557110952101
  78      0.026846508930     0.458809153893     0.888129171496
  79      0.297831831637    -0.919432475704    -0.256788089062
  80      0.563864517555    -0.359008324837     0.743753876320
  81      0.396411702218     0.495062773351    -0.773156266732
  82      0.341073691011    -0.939919836936     0.014813420725
  83      0.843840988156    -0.396597441806     0.361445508842
  84     -0.798569355479    -0.014675081017     0.601723878940
  85      0.943464434203     0.279988498265     0.177429710682
  86      0.243618445558     0.758117015748     0.604903829891
  87      0.576298478805    -0.807892215086     0.123248659750
  88      0.506054265955     0.807566182195    -0.302895924838
  89     -0.339197769134     0.571484344659    -0.747228557554
  90     -0.801790698590    -0.231818462469    -0.550810199717
  91     -0.603541502777    -0.083143965882     0.792984700586
  92     -0.775849124230     0.312475750625    -0.548103130536
  93     -0.375901379238    -0.614140195621     0.693923607618
  94     -0.709603800061    -0.614178324486     0.345322215720
  95      0.766975211299    -0.258886824416     0.587134258408
  96     -0.023713045360    -0.797182738552    -0.603272221170
  97     -0.782799211085    -0.617121717488     0.079913584140
  98      0.869354201544    -0.009221544039    -0.494103466274
  99      0.901782406855     0.231703888600    -0.364831192053
 100      0.908002916495    -0.237521622724    -0.345129225617
 101      0.712876761587     0.687723554300    -0.137269937170
 102      0.126106582230    -0.974944673620     0.183248501489
 103     -0.434118676100    -0.243182877811    -0.867411703288
 104     -0.222618929186     0.763586879174     0.606115410067
 105      0.462566170403     0.015437333587    -0.886450352096
 106      0.112582255179    -0.439151514691    -0.891331129807
 107      0.281266627400     0.954443698423     0.099630872986
 108     -0.219924513112     0.303713634683     0.927033568238
 109     -0.216803907153     0.909432746525     0.354863558837
 110      0.203454270072     0.028206207774    -0.978678072623
 111      0.629329144490     0.665668962118     0.401035735027
 112      0.462196081209    -0.678876824869    -0.570526983736
 113      0.561537946131     0.252719986485    -0.787913538077
 114      0.487377653388     0.839211267863     0.241220792782
 115     -0.607387824196     0.748261764198    -0.266803979089
 116      0.692043010053     0.208241318957     0.691167147162
 117     -0.498730700391     0.685674536192    -0.530205732622
 118     -0.371125384291     0.857298528349    -0.356798517969
 119     -0.822791001835     0.244813270778     0.512914641778
 120      0.545083822383    -0.726106265825     0.419110149371
 121      0.650596405732    -0.074921703166     0.755718899620
 122     -0.217916232974     0.176490374238    -0.959876900028
 123     -0.370045382763    -0.164020689386     0.914419831450
 124     -0.580200160220     0.462962890722    -0.670099347780
 125      0.046239012255     0.253891394039    -0.966126862156
 126     -0.796832059835     0.584785039182    -0.151937903001
 127     -0.218833145753    -0.877636456610    -0.426457857647
 128      0.535049830194    -0.831768702351    -0.147927363929
 129     -0.284075679768    -0.714989920853    -0.638819552960
 130      0.691036019468     0.452336440791     0.563791596363
 131     -0.806678204676     0.042023795457    -0.589494931883
 132     -0.780770303803     0.491910828643     0.385255070523
 133     -0.340361348903    -0.893557184090     0.292762208854
 134     -0.183481745693     0.965149340779    -0.186604391671
 135      0.091553004321    -0.991780145112    -0.089387869209
 136      0.029290553417     0.199105445109     0.979540241750
 137     -0.650797686729     0.759235614864     0.004863339355
 138     -0.426027277625    -0.870831639490    -0.245261114696
 139      0.011449381343     0.864680411237     0.502191893692
 140      0.441469976723    -0.595603472148     0.671089236702
 141      0.478443230629     0.615904631057     0.625902197238
 142      0.602880100483    -0.457316686143    -0.653756095970
 143     -0.450997126376     0.873695275389     0.182368192851
 144     -0.653070838091     0.432296669508     0.621786193130
 145      0.686276680162    -0.005515161964    -0.727319669234
 146      0.315241105697     0.270194903335    -0.909734994100
 147     -0.223321587863    -0.098612150540    -0.969743838424
 148      0.009915391383     0.683491332030     0.729891282352
 149      0.668460193550    -0.511603356340     0.539836063468
 150     -0.076602031671    -0.928376513400     0.363660800900
 151      0.703195373040     0.697531489298     0.137717423632
 152      0.764303473210     0.227618075902    -0.603349162891
 153     -0.821362629539     0.557439395705     0.120932836374
 154      0.520043945687     0.853547676904    -0.031790844695
 155      0.626700687315     0.465092003234    -0.625248492238
 156      0.021422227658     0.972467655889     0.232051171967
 157      0.636091714085    -0.683996961536    -0.357121110945
 158      0.678014620077     0.616137347622    -0.400837802392
 159      0.762008436085    -0.238672533216    -0.601978874399
 160     -0.614334667571    -0.526012340796     0.588135982193
 161     -0.626116282906    -0.775410137651    -0.081960470401
 162     -0.251811475551    -0.436474048886     0.863760027687
 163     -0.160441716170    -0.371407609735    -0.914502511283
 164     -0.881802514961    -0.207395861375     0.423569688826
 165     -0.191890883319     0.035138402512     0.980787021513
 166      0.738577754734    -0.625741667184     0.250898916222
 167     -0.212639647039     0.973244531542     0.087060107580
 168     -0.575481473175    -0.795937194526     0.187896398057
 169      0.167862889755    -0.222808498625     0.960301214819
 170      0.948361013721     0.041250297253     0.314499285581
 171      0.427849706990    -0.168027208229     0.888094299905
 172      0.739137472415    -0.671251197926    -0.055656321785
 173     -0.643007260539    -0.100058984982    -0.759295635717
 174     -0.874738818420    -0.417588303917     0.245869900520
 175      0.033350828200    -0.809411392588     0.586294226312
 176     -0.368276245258    -0.497615892981    -0.785334979630
 177     -0.635513781245     0.187087095211    -0.749079870677
 178      0.959585062051     0.264182222453    -0.096975574393
