 181     0.273828523117       15.738653921698  
   0     -0.016545976313    -0.622718586853     0.782270919986
   1      0.827860992080    -0.464016889146     0.315173768547
   2     -0.407475756651    -0.260476027092     0.875280381965
   3      0.447488413725    -0.517054166440     0.729663695512
   4      0.755531647523     0.565428720731     0.330850859698
   5     -0.897564575206     0.021243249532     0.440370931924
   6     -0.941502692487    -0.262250655124    -0.211653665042
   7      0.573874505119     0.627619440204     0.526081638772
   8      0.962732209382    -0.211232474725    -0.168900961038
   9      0.098520031704     0.916916533111     0.386727132047
  10     -0.086877972621     0.656347182721     0.749440186811
  11     -0.258654609142    -0.848239366890     0.462155568642
  12      0.272108738279    -0.284809488154    -0.919151995053
  13      0.637507692929     0.686188672679    -0.350327057110
  14      0.487320531679    -0.385894041231    -0.783329106026
  15      0.890436249163     0.327606314341     0.315907247432
  16     -0.263519409143    -0.683438656593     0.680785666476
  17     -0.879999253613     0.287341770860     0.378201031675
  18     -0.181555447119     0.983145927621     0.021487313082
  19      0.799611772002    -0.595599078751     0.076699096902
  20     -0.687984067679    -0.468749458794     0.554032370444
  21      0.302973723025    -0.585878356214    -0.751633870230
  22     -0.030215237398    -0.939313406701     0.341727030569
  23      0.411845503045     0.771382704944    -0.485130914429
  24     -0.757505373326     0.011086310808    -0.652734787717
  25     -0.840005400623    -0.518399183619    -0.160166205385
  26      0.081701963187    -0.729793253316    -0.678768441094
  27      0.083270355986    -0.477993459130    -0.874407399810
  28      0.193544083450    -0.029801602257    -0.980638849049
  29      0.932180860580    -0.211759714683     0.293592687930
  30      0.530337950159    -0.601778817999    -0.597163221263
  31     -0.382974352819     0.818179483584     0.428850763933
  32     -0.233826103230    -0.470770916106     0.850705647094
  33     -0.474670664123    -0.716674583941    -0.510945497439
  34     -0.493337177148     0.830192424041    -0.259613113514
  35     -0.578068756808     0.670391496849    -0.465200766717
  36     -0.262182001537    -0.944837936094     0.196320840940
  37      0.618570717406    -0.303303063297     0.724829303603
  38     -0.142227888964     0.230047659168     0.962730129430
  39      0.740284839762    -0.064402921736     0.669201479145
  40     -0.117732127992     0.756262122925    -0.643588958473
  41      0.208734252129    -0.955387523981     0.208960979634
  42      0.653875443065     0.190956666398     0.732108227324
  43     -0.876080179233     0.462857308499    -0.135080092995
  44      0.125199543768    -0.241777820489     0.962220639853
  45      0.150934704035     0.220772988458     0.963575634128
  46     -0.344055587266     0.671203659466     0.656590740409
  47     -0.042929225394     0.903952013865    -0.425473663389
  48     -0.804407961508    -0.585075965092     0.103024009505
  49      0.655331293485    -0.516249744071     0.551386522800
  50      0.802650116138    -0.287210630215     0.522745487743
  51     -0.484777875863    -0.873887900311     0.036198739813
  52     -0.504713480586     0.461757055020     0.729413959734
  53     -0.537860324158    -0.021889182545     0.842749746594
  54     -0.746367647860    -0.017890455567     0.665293368242
  55     -0.773790734966     0.489672611040    -0.401831597162
  56      0.460874392819     0.857206785509    -0.229763619665
  57     -0.134077202847     0.829309397260     0.542465876616
  58      0.916861480768    -0.062609251376    -0.394265274562
  59     -0.242880003795     0.939441464594    -0.241783039849
  60     -0.239499180731    -0.907840123227    -0.344189559819
  61      0.016583449797     0.985732525994    -0.167500377286
  62     -0.157960131276     0.942567593927     0.294304141673
  63      0.268994349846     0.960995779656    -0.064258472085
  64     -0.996147236933    -0.087603388529     0.004040874885
  65     -0.408068234084     0.399767495556    -0.820771750140
  66     -0.588787965551     0.808278138191    -0.003896529888
  67      0.461056218091    -0.708468482934     0.534321600207
  68      0.318171575308     0.921365063489     0.223278454957
  69      0.231661760829    -0.692687881365     0.683020005256
  70     -0.323459473649     0.818914680369    -0.474080916282
  71     -0.678144975376    -0.729058044958    -0.092702532086
  72      0.156710316446     0.798902930701    -0.580685787700
  73      0.357085971069     0.180255734045    -0.916513764004
  74      0.891898044139     0.210007307406    -0.400518176488
  75      0.858481442261    -0.330135977352    -0.392453627518
  76     -0.607169621522     0.464850537007    -0.644405950426
  77     -0.393676366216     0.635135787299    -0.664546048348
  78     -0.908861028989     0.265306373264    -0.321844928950
  79      0.091924619047     0.224257946010    -0.970184641223
  80     -0.481327030318    -0.821766384833     0.304998850233
  81      0.447904619617    -0.076788407127    -0.890777745713
  82     -0.684795349242    -0.638595592209    -0.351071216803
  83      0.466121462312    -0.874593616634    -0.133479541937
  84     -0.489535045851    -0.831447220378    -0.262775490883
  85      0.217025684632     0.914992732357    -0.340129610509
  86      0.585006299886     0.559361398817    -0.587266936416
  87      0.443231380849    -0.845461008967     0.297895326158
  88     -0.636674810024    -0.261469211483     0.725450920275
  89     -0.497549783109    -0.679918120695     0.538660897485
  90      0.730274412781     0.404207183301     0.550741168795
  91     -0.718266645579     0.412512131120     0.560291680759
  92     -0.012505672920    -0.978034195941    -0.208069026321
  93      0.797054497859     0.584348552414    -0.152449653110
  94     -0.935169670432    -0.351026648381     0.047307289400
  95     -0.317207135606    -0.121217826250    -0.940577413996
  96     -0.949625063951    -0.176902684806     0.258684514464
  97      0.240289314893    -0.912764787613    -0.330335416876
  98     -0.180267825379     0.551584869652    -0.814406313031
  99      0.719553576351    -0.565890218380    -0.402505790645
 100     -0.911120962014     0.392049939830     0.127104041073
 101      0.790815994931     0.464488536210    -0.398573032067
 102     -0.779524348831     0.536191779800     0.323790310007
 103     -0.140044722758    -0.606948916754    -0.782304600574
 104      0.932269909246    -0.356553157201     0.061177303011
 105      0.975104335633     0.210039301327     0.071098709744
 106     -0.479572228343    -0.485683017453     0.730836838398
 107      0.320134895588    -0.770968803993    -0.550564030696
 108      0.282221078629     0.435142694952     0.854986606800
 109      0.391772636644    -0.279849999327     0.876469154650
 110      0.657157823749    -0.677600897125     0.330152417681
 111      0.607028381255    -0.790060022429     0.085566963895
 112      0.246905076220     0.426602288872    -0.870085266205
 113      0.662545028628    -0.144727953334    -0.734906731881
 114     -0.216519196595    -0.372958894191    -0.902231179216
 115     -0.403367722371    -0.559843757250    -0.723788261867
 116     -0.166957869370     0.307059550128    -0.936930895280
 117      0.081222415558     0.623882744437    -0.777285816418
 118      0.425084107423     0.203111130298     0.882071068773
 119      0.925191510256     0.342591937246    -0.163252668846
 120      0.983106057584     0.074983779700    -0.166972789173
 121      0.716163736912     0.321177184606    -0.619640797575
 122      0.122983771959     0.775134451117     0.619710879786
 123     -0.384527192069     0.142666036876    -0.912022609633
 124     -0.876042420419    -0.143586080339    -0.460361504863
 125     -0.817303804677    -0.406031691190    -0.408843193180
 126      0.529599159947    -0.761116440568    -0.374468281275
 127      0.793093202532     0.058717731336    -0.606263474179
 128     -0.020289579009    -0.997682703908     0.064942707883
 129     -0.289949768932    -0.000447348827     0.957041760518
 130     -0.257359738958     0.465467638350     0.846821021475
 131      0.220332440288    -0.973320778205    -0.064033416823
 132     -0.847538835611    -0.423514700547     0.319864378372
 133      0.350410037684     0.809481320903     0.471118665094
 134     -0.016184433805    -0.811589385578     0.584004052485
 135     -0.404203529996     0.237249407862     0.883364151869
 136     -0.976458110826     0.206257960903    -0.063144369234
 137     -0.557449596420    -0.052555620068    -0.828545625932
 138     -0.219056909457    -0.780379519540    -0.585680694492
 139      0.225691366242    -0.856697866442     0.463823428512
 140     -0.779108609747     0.623584445454     0.064282296213
 141     -0.975074588907     0.109456658609     0.192999445476
 142      0.600933082933     0.126329932875    -0.789252923907
 143      0.531673585624    -0.046480379247     0.845672970299
 144     -0.002971502364    -0.002764044516     0.999991765082
 145     -0.573882866106     0.639911728565     0.511049347554
 146      0.691095733139    -0.704681925342    -0.160655132916
 147     -0.967902845231     0.007415759304    -0.251215223877
 148      0.500499990056     0.380803609909    -0.777488501930
 149      0.351099530848     0.638422559212     0.684942154731
 150     -0.397773422877     0.901869631719     0.168545161414
 151     -0.693560089819    -0.254319453561    -0.674014849503
 152      0.072260183872     0.989642372971     0.124042087400
 153      0.205905110903    -0.479562079634     0.853008380428
 154      0.526557083334     0.433385136871     0.731378808231
 155     -0.472164382939    -0.314300200719    -0.823575242047
 156     -0.148538016083    -0.234908662660     0.960601050377
 157     -0.780817094844     0.269040711353    -0.563863245861
 158      0.880653720237     0.466896179580     0.080355351575
 159     -0.606774484142     0.209606807694    -0.766739663486
 160      0.995388276129    -0.071287557194     0.064189282075
 161     -0.613741478481     0.744995683666     0.261348099114
 162      0.283822045076    -0.018599544110     0.958696564971
 163     -0.636293919709     0.221800479325     0.738873869556
 164      0.719878945165     0.688396215208     0.088797270199
 165     -0.685127184206    -0.642798007494     0.342653561230
 166     -0.823889956825    -0.234064140176     0.516158228963
 167      0.004391031341    -0.884519114640    -0.466483284460
 168     -0.712530279915     0.670781244088    -0.205798743398
 169      0.511133814655     0.858597182786     0.039409405330
 170      0.558087202531     0.775203749592     0.295969290619
 171      0.011536095177     0.446220721517     0.894848582832
 172     -0.089830140809     0.021047554954    -0.995734676625
 173      0.857077409402    -0.487017433080    -0.168024802246
 174      0.008446279481    -0.233463686379    -0.972328837125
 175      0.834348883235     0.151784186176     0.529927827040
 176      0.345018299689     0.620870241809    -0.703905189437
 177     -0.252342649120    -0.964599980685    -0.076616347457
 178      0.952021724687     0.061277758814     0.299832740036
 179     -0.633398218469    -0.506271934760    -0.585231086764
 180      0.696261623344    -0.384139093769    -0.606347184785
