 188     0.268319729159       15.420083490596  
   0     -0.261632898193    -0.173493437547    -0.949446287955
   1     -0.677912086727    -0.131537362341    -0.723279423859
   2     -0.984976789772     0.101524420543     0.139690785820
   3     -0.170918219513    -0.942228078740     0.288085421140
   4     -0.099563901822     0.287902270089     0.952470110991
   5      0.455486310556    -0.212887251881    -0.864413812292
   6     -0.927483499913     0.158659549066    -0.338528440281
   7     -0.609621497950    -0.745638875434     0.269043298892
   8     -0.410002719184    -0.521259574848    -0.748455894419
   9     -0.957738813473     0.281923476894    -0.057057149800
  10      0.951732235386    -0.303567262877    -0.045306390690
  11      0.078225306067     0.422842849070    -0.902820428702
  12      0.711690065135     0.215904667309     0.668492652033
  13     -0.515946321633    -0.660734628657    -0.545187255616
  14      0.378403375327    -0.468912957691    -0.798079898037
  15      0.827992576551     0.014414824395    -0.560553749443
  16      0.272061940492    -0.683596460247    -0.677257838695
  17      0.773156723014     0.620696430792     0.130248310780
  18      0.486197137529     0.868948141367    -0.092420079381
  19      0.041794561527    -0.992781324374    -0.112420890412
  20      0.814720206359    -0.481746673311     0.322724539048
  21     -0.260013520287     0.094574155166    -0.960962381388
  22      0.195744458796    -0.123557425668     0.972840001960
  23     -0.202129968031     0.352296291843    -0.913800196311
  24     -0.007174983559     0.181561468595    -0.983353422088
  25      0.981657821261    -0.071550947658    -0.176715545007
  26      0.958902081608     0.202982368823     0.198254775063
  27      0.246860156723    -0.374776327364     0.893645772927
  28     -0.022458496019    -0.283141680949     0.958815104421
  29     -0.734769229695     0.639733069789    -0.225512258008
  30      0.256034889838    -0.930618249597    -0.261525923577
  31      0.270563499973    -0.601309086315     0.751812992171
  32      0.510054090788     0.677911877309    -0.529415065024
  33     -0.648472046103    -0.430419802276     0.627871642322
  34      0.500605964056    -0.783068887554     0.369048487459
  35     -0.907364524513    -0.419155124434    -0.031600653717
  36     -0.682888849989     0.730199574130     0.021711759536
  37      0.677325152950     0.174131479016    -0.714778892523
  38     -0.426363490966    -0.893893372092     0.138451482120
  39     -0.326684107252     0.897634042766     0.295855740752
  40     -0.772368806388    -0.616300638211    -0.153687833802
  41     -0.851406725556     0.524339861865    -0.013202156552
  42      0.686361662557    -0.466580974557     0.557861866732
  43      0.868262671318     0.207194064817     0.450766628202
  44     -0.179266825647    -0.651016706634     0.737591114985
  45      0.264758397677     0.779900069200    -0.567149779972
  46     -0.794989680382     0.276031482671    -0.540183328751
  47     -0.199371466188    -0.979632157938     0.023913460726
  48     -0.187545917037     0.725504262014     0.662170744447
  49      0.291428456016    -0.918019258354     0.268905366840
  50     -0.617708334722     0.436010358269     0.654470305436
  51      0.443193859860    -0.192794456415     0.875448171029
  52     -0.668360221723     0.136495083736    -0.731207020025
  53     -0.627498099595    -0.778610852600     0.003357859149
  54     -0.160797592119    -0.828206613600     0.536859329395
  55      0.061288982013    -0.744760053807     0.664511943412
  56      0.930041603820     0.132972961561    -0.342550443961
  57     -0.185304189169     0.980581294553     0.064208116692
  58     -0.035829343098     0.986415744178    -0.160312937127
  59      0.852908597236     0.427945243656     0.299014703974
  60     -0.271223786540    -0.721860788670    -0.636674688829
  61      0.389069734973     0.555214074749    -0.735093240704
  62      0.697691010840    -0.713811246086    -0.060833858614
  63      0.442096494127     0.809093544670     0.387192879396
  64     -0.146589461012     0.907602968974    -0.393406126833
  65      0.262133151427    -0.043197002554    -0.964064432439
  66     -0.406500308887     0.757748859385     0.510464655951
  67      0.636149768116    -0.701300211847    -0.321700925378
  68     -0.467838577279    -0.302078884107     0.830587390578
  69     -0.715411211106     0.521128524355    -0.465415792735
  70      0.504571052320    -0.856215161938     0.110921817634
  71      0.100910047751     0.453253262184     0.885651535641
  72     -0.771519609575     0.591627662103     0.233953417319
  73      0.485246930123    -0.640141400225     0.595612629587
  74     -0.504012150202     0.637386744270    -0.582846369704
  75     -0.675934397541    -0.178165380848     0.715101242684
  76     -0.992912660682     0.022683070618    -0.116661589927
  77     -0.425016219661    -0.544254404454     0.723289953102
  78      0.161017838752    -0.851186310640    -0.499554922089
  79      0.693031494746    -0.690714145983     0.206449305713
  80      0.058079231522    -0.986155062515     0.155322231317
  81      0.027785491314    -0.523822833980     0.851373951371
  82     -0.480164255946    -0.276300452333    -0.832526484475
  83      0.491797718136    -0.856420806545    -0.157093623526
  84      0.267143097590     0.765142215604     0.585825874565
  85     -0.050119881207    -0.019227266965     0.998558115341
  86      0.064627791919    -0.908812048593     0.412169757313
  87      0.622665111195     0.456086160194    -0.635825112574
  88      0.016116575307     0.844912780679     0.534661247002
  89     -0.606653543595     0.394389085273    -0.690238167201
  90     -0.299337009984     0.937978773578    -0.174909047142
  91     -0.722899602416    -0.555873141219    -0.410391539506
  92     -0.362620118601    -0.836055147763    -0.411726170511
  93      0.339951676421     0.932307182225     0.123434904585
  94     -0.982076338790    -0.178489482883     0.060560459778
  95      0.501790505129     0.635012336434     0.587337740605
  96      0.082212859456     0.993354555869     0.080546707411
  97      0.283362125507    -0.802317623508     0.525349728120
  98     -0.637719272923    -0.436139242643    -0.634898960441
  99     -0.826471203019    -0.295467320188     0.479212284151
 100      0.254330748366     0.223999997073    -0.940818724169
 101      0.787766200705     0.600565085457    -0.136916000370
 102      0.310164145430     0.567606275505     0.762641015745
 103      0.135429504725     0.640162758853    -0.756207968371
 104     -0.540267430445     0.820483606732    -0.186862930205
 105      0.493626092393     0.052682728711    -0.868077076650
 106     -0.906171373674     0.172310465951     0.386215671430
 107     -0.868818157161     0.412409910949    -0.273994662611
 108     -0.833970498451    -0.036919554184     0.550572569452
 109      0.719989558468     0.446389554631     0.531367482270
 110      0.198373577443     0.915227848945     0.350721981473
 111     -0.265894292245    -0.170743281982     0.948760748034
 112      0.804833113202     0.297553814934    -0.513522528338
 113      0.995216037634    -0.039535245181     0.089342055185
 114     -0.189095536747    -0.951486194929    -0.242728034726
 115      0.113635238193    -0.536390737731    -0.836284645989
 116     -0.153036871899     0.525069677673     0.837186687321
 117     -0.933486070339    -0.113160863347    -0.340291603612
 118      0.683879806639    -0.233719438243     0.691146608368
 119      0.574886250173     0.803699752973     0.153533404942
 120     -0.122608283425     0.583334097036    -0.802924990314
 121      0.139809967736     0.168916279930     0.975664113974
 122     -0.763248816053     0.215180503995     0.609219661119
 123      0.903927339662    -0.295474294254    -0.309209162293
 124     -0.389659535949    -0.831125545258     0.396731362592
 125     -0.398604613724     0.817996256385    -0.414724591094
 126     -0.001085072831     0.804533068923    -0.593906864437
 127      0.817595404858    -0.532753404138    -0.218429769797
 128     -0.257959669183     0.734653134571    -0.627488311398
 129     -0.880272226777    -0.372110806104    -0.294371117377
 130      0.380928938210     0.063944661874     0.922390494450
 131      0.935842431701    -0.032510537250     0.350915955743
 132      0.475854800986     0.316192056736    -0.820722115966
 133      0.795734020500    -0.251781174634    -0.550829927217
 134     -0.063844948690     0.951274914392     0.301661830161
 135      0.230734692636     0.962773237510    -0.140816173607
 136      0.938275518143    -0.266790832235     0.220140191444
 137     -0.377365864323     0.503026133683    -0.777534380768
 138     -0.566229094815     0.782991161933     0.257506218410
 139     -0.569093439932     0.212286240519     0.794397387151
 140     -0.788713452470    -0.601926444552     0.124962575367
 141     -0.808956366541    -0.259759002852    -0.527365961614
 142     -0.348906374730     0.344899704699     0.871383116299
 143      0.607839119829    -0.365631194197    -0.704872636890
 144     -0.447425265019     0.256429712073    -0.856769767784
 145      0.750357488160     0.531220280020    -0.393406474347
 146      0.666544339264    -0.105904268898    -0.737904417675
 147      0.659899144492     0.653191922782     0.371313117344
 148      0.336988065932     0.325748751707     0.883361078031
 149     -0.553395468186    -0.654552567559     0.515086781128
 150      0.725817665905    -0.499011773860    -0.473472243547
 151     -0.910815814360     0.364434643551     0.193912204080
 152     -0.632647396624     0.621884577834     0.461537477782
 153      0.541136452860     0.412873856456     0.732602564861
 154      0.898261524288     0.374465673345    -0.230003681429
 155     -0.439781744575     0.896713778793     0.049964147764
 156     -0.490986877014    -0.008268060582    -0.871127732181
 157      0.612486848612     0.736023442822    -0.288321611910
 158     -0.944341614708    -0.098482190586     0.313879232935
 159      0.380258219020     0.860592171805    -0.338799056516
 160      0.809207730157    -0.020467414163     0.587166019462
 161     -0.900374610656    -0.368259589915     0.231755118436
 162      0.281244309868    -0.959627751053     0.004027105070
 163     -0.000725815291    -0.086369924485    -0.996262871604
 164     -0.287763527488     0.096653057804     0.952811806531
 165      0.007845336753    -0.729924834256    -0.683482397014
 166     -0.425967090512    -0.895369983623    -0.129863891165
 167     -0.753503538139    -0.534821778639     0.382358579224
 168      0.981976584096     0.175113907310    -0.071113344415
 169     -0.233999394983    -0.426383259375     0.873751451657
 170      0.517913032394    -0.599888984393    -0.609835467386
 171     -0.393431511170     0.565319782670     0.725000130580
 172      0.121390076610     0.915857074115    -0.382714343988
 173      0.910997559370     0.410878531744     0.035528565595
 174     -0.053811130005    -0.342819513587    -0.937858807812
 175     -0.588001799095    -0.754711726191    -0.290970951491
 176      0.504308752871    -0.423382632337     0.752608682128
 177      0.417363217424    -0.789908217392    -0.449280483482
 178     -0.502128812074    -0.038059446106     0.863954937857
 179      0.608218051305     0.002373647507     0.793766444154
 180      0.064955517878     0.673354943097     0.736460386785
 181     -0.800357612865     0.414349057908     0.433292683690
 182     -0.152794142648    -0.559600872194    -0.814555592831
 183      0.847617925750    -0.527166014263     0.060331130881
 184      0.211579066017    -0.304336908653    -0.928769801864
 185     -0.831517796592     0.010645451837    -0.555396100370
 186      0.840099602306    -0.262186739401     0.474858686230
 187     -0.106293818673    -0.868534867927    -0.484095865823
