 189     0.267617559208       15.379486067035  
   0      0.748814685515    -0.300737549327     0.590621277285
   1     -0.407696071325     0.565288828463    -0.717100030568
   2      0.480841789405     0.611055991203     0.628809787755
   3     -0.684986844763     0.505819243338     0.524347132700
   4     -0.766315900347     0.621670429019    -0.162129018249
   5     -0.187814207700    -0.316457561589    -0.929828175041
   6     -0.869603388372    -0.433170063836     0.236967598476
   7      0.959725408563     0.255017094140    -0.117870360379
   8      0.180179191155    -0.562494363343    -0.806929705911
   9      0.777266484568    -0.614277968643     0.136085962567
  10      0.433689259574    -0.533259486017    -0.726324959438
  11      0.012967108262     0.972511103385     0.232495178221
  12      0.355444253442     0.134427840609    -0.924980290798
  13      0.396291936243    -0.825522064270    -0.401828349761
  14      0.151736721195    -0.552082596627     0.819866314677
  15     -0.693156715022     0.079986807430     0.716335032689
  16      0.113502589779     0.583549159003    -0.804106672737
  17     -0.712423457819     0.639164523043     0.289692128358
  18      0.646157845647    -0.513255589825    -0.564843994411
  19      0.910441254756    -0.383020724842     0.156178890952
  20     -0.172781886426    -0.984231844608    -0.037869457118
  21      0.324997966720     0.489448046624     0.809207594678
  22      0.590302944180     0.129087988419    -0.796792774401
  23     -0.377052672788    -0.098529728954     0.920936031685
  24      0.268490192495     0.723110773482    -0.636414822116
  25     -0.506594852311     0.730681877173    -0.457674174477
  26     -0.847728528385     0.412466761853     0.333507889756
  27      0.508414250805    -0.846172367130    -0.159709970521
  28     -0.275349220409     0.759593875503    -0.589236753027
  29      0.118116936257     0.879789796563     0.460454452940
  30      0.641383128410     0.643858634392     0.417221453798
  31     -0.008902547289    -0.968499642595    -0.248855755300
  32     -0.662492326517     0.747392568445     0.050082591169
  33     -0.932051351520    -0.172615324677     0.318565892425
  34      0.339236416327    -0.334859309816    -0.879083554883
  35     -0.953708035702    -0.036537253473    -0.298506301016
  36      0.970893295088     0.011545731983    -0.239233997640
  37     -0.991611276713     0.006736143019     0.129080208683
  38      0.620486864453    -0.534950387065     0.573431891702
  39      0.804191386826    -0.479247767994    -0.351564773873
  40     -0.115786822691    -0.559087001461     0.820984248623
  41     -0.364309830788     0.382982630982     0.848883178981
  42      0.558233057046     0.379271137145     0.737922257795
  43     -0.604321047902     0.332309210037     0.724131659291
  44      0.031612561300     0.094447984656     0.995027750448
  45     -0.083085563406    -0.973286925095     0.214031190698
  46     -0.250274160162     0.949297816716     0.190253777711
  47     -0.743293598962    -0.652135705475     0.149109514743
  48     -0.568490325102     0.796538521430    -0.205779333617
  49     -0.911297202898     0.223420196623    -0.345862434692
  50     -0.447954162930     0.133547710167    -0.884026061281
  51     -0.471985909061     0.560747946108     0.680287470547
  52     -0.805385161688    -0.336671794689     0.487859451065
  53     -0.060818791306    -0.883196392228     0.465043231733
  54     -0.846388403009     0.041360373279    -0.530957616740
  55      0.295504314921     0.095631347111     0.950542921342
  56      0.207141116099     0.356752686404    -0.910944607956
  57     -0.345214770900    -0.489979405865    -0.800466703730
  58     -0.620120231537    -0.467047804808     0.630331061001
  59     -0.907639896610     0.395408757266    -0.140860685638
  60      0.839207938528    -0.030784472238     0.542938626532
  61      0.593075679759    -0.317803095719    -0.739771877290
  62     -0.629835151985     0.523468659073    -0.573836426425
  63     -0.524896264194     0.712208719590     0.466092964520
  64      0.277357240945     0.927656847940     0.250051461434
  65     -0.252471133549    -0.344572943876     0.904172446535
  66     -0.937801995654    -0.284464390788    -0.199016148391
  67      0.522044891524     0.815434588357     0.250071116574
  68      0.372990052018     0.798970165269     0.471725657671
  69     -0.713383428569    -0.573245789200     0.403079829571
  70     -0.668662584878     0.096520346191    -0.737274826883
  71      0.077650052549    -0.350141404051    -0.933472799019
  72      0.308838385278     0.924686291708    -0.222652450485
  73     -0.107552020904     0.369249970047     0.923085598642
  74      0.438924099608    -0.726428008320     0.528817533287
  75     -0.490559934563     0.839606725679     0.233262720547
  76      0.624387866185    -0.690373879139    -0.365408948390
  77     -0.478615002623    -0.681045420403     0.554170384099
  78      0.307238841719    -0.344866090787     0.886945135600
  79     -0.027795787683    -0.111576909583    -0.993366995342
  80     -0.244926933939    -0.700933406797    -0.669853085585
  81      0.591309975871    -0.801320737263     0.090761161669
  82      0.486857330502    -0.107582265051    -0.866831007742
  83      0.181795290491    -0.952120167818     0.245800037408
  84      0.883974050229     0.466742509388     0.027226980207
  85     -0.860868329890    -0.236103848283    -0.450733503767
  86     -0.165437075860     0.984323831265    -0.061132390223
  87     -0.417863027582     0.908387223907    -0.014937925656
  88     -0.841245030854     0.534756722048     0.079636965583
  89      0.164230014901    -0.137285310605     0.976822013315
  90     -0.555517329183    -0.770027529775     0.313780337762
  91      0.238245499354    -0.102680748699    -0.965761743850
  92     -0.849469353887    -0.026447171744     0.526974727965
  93     -0.557627953065     0.341701003189    -0.756499497938
  94     -0.571052494096    -0.361061670816    -0.737247257610
  95      0.876762469487    -0.471630282064    -0.094087454744
  96     -0.801048932451     0.465336136051    -0.376540686121
  97     -0.761979732999     0.290801690702    -0.578637419447
  98     -0.033069987469     0.756379037268     0.653297120696
  99     -0.230988933900     0.135265924100     0.963507780038
 100     -0.926564668040     0.152716558082     0.343737645346
 101     -0.512699517625    -0.594272792004    -0.619660433876
 102      0.667630221186    -0.093026735656     0.738658184963
 103     -0.294943591918     0.744311662414     0.599173119208
 104     -0.563261617040    -0.824646397413     0.051910210982
 105     -0.515593288764    -0.830354151780    -0.211365898865
 106     -0.526977569229    -0.118586247042    -0.841565174863
 107     -0.085421729629    -0.544543039467    -0.834371623604
 108      0.774827284854     0.173073581079    -0.608019912650
 109      0.957104034096     0.011871844107     0.289501169661
 110      0.718245548577    -0.686249817988    -0.114823861899
 111      0.919547252594    -0.241349232190    -0.310134484327
 112      0.228037102468     0.701725208303     0.674967267303
 113      0.006043522391     0.775245413591    -0.631631240949
 114      0.872727789736     0.219144500442     0.436258974633
 115     -0.500049501625    -0.308331338988     0.809247972702
 116      0.549688887605    -0.331607624644     0.766732358859
 117     -0.814011605633    -0.504388906882    -0.288057175764
 118     -0.168428172428     0.168082638502    -0.971277600569
 119     -0.331102048281     0.904506354327    -0.268774419551
 120     -0.341241793402    -0.925955674293     0.161740927661
 121      0.426439107219    -0.855211143509     0.294556595330
 122     -0.374324741809    -0.538282153365     0.755071725758
 123      0.282389979215    -0.728763433627    -0.623826704660
 124     -0.230564185720    -0.732673023355     0.640336159459
 125      0.999121082011     0.032850611128     0.026036528741
 126      0.035217240575    -0.741093852458     0.670477179190
 127     -0.150931323990     0.613096231365    -0.775456476229
 128     -0.056268144249     0.403979223035    -0.913035970430
 129      0.682072777946     0.636108449274    -0.360753054523
 130      0.092251028536    -0.995732406624    -0.002592707602
 131      0.593428452034     0.381737990404    -0.708603400358
 132     -0.719002504304    -0.685372948059    -0.115322681523
 133      0.747024031928     0.656929635152    -0.101973281702
 134     -0.196714710177     0.582700636930     0.788519683027
 135      0.729134081273     0.183616781108     0.659278673416
 136     -0.984615523035     0.142115466647    -0.101663493638
 137      0.166084843237     0.986020074333     0.013425269432
 138      0.403534183113    -0.552629624195     0.729219213626
 139      0.792556421211    -0.480135515813     0.375931118227
 140      0.550024806859     0.811871171763    -0.195800695351
 141      0.790588487093    -0.289369888208    -0.539661849564
 142     -0.124571025197    -0.861293380501    -0.492601027595
 143      0.446302589666    -0.116217225588     0.887303530329
 144     -0.873858682697    -0.485378186152    -0.027910913325
 145      0.203080184646    -0.847133709994     0.491042682458
 146     -0.147578460753     0.890542236973     0.430296551333
 147      0.166684523075     0.879916979543    -0.444929633626
 148      0.756947903940     0.420383230387    -0.500307715642
 149     -0.727564588109    -0.155242264441    -0.668243675212
 150     -0.118703809879    -0.126730054634     0.984809067166
 151     -0.272774491350    -0.921058208150    -0.277931383740
 152     -0.703862210126    -0.187053755723     0.685265555552
 153      0.139471573496    -0.880335970804    -0.453383125728
 154     -0.718779124272    -0.447938148422    -0.531702911125
 155      0.730245792851     0.421857515939     0.537380050122
 156     -0.965577477445    -0.251825246232     0.065147374545
 157      0.421350653649     0.798438597745    -0.430069101773
 158      0.837337003918     0.460175712356     0.295135656313
 159      0.065979915280     0.553341240995     0.830337354209
 160      0.851479398422     0.460541284458    -0.250767939284
 161     -0.322044344460    -0.849676175253     0.417537827518
 162      0.896091555740    -0.233362470451     0.377573676408
 163     -0.479983319980     0.142239990178     0.865669566137
 164      0.874533560683    -0.041616503353    -0.483176073380
 165     -0.289329215625    -0.070089478402    -0.954660185617
 166      0.897513380217     0.229019970265    -0.376854860061
 167     -0.318470223186     0.367530954372    -0.873783562745
 168      0.020446712532    -0.734457111684    -0.678347022580
 169     -0.630885231875    -0.669731333996    -0.391718986605
 170      0.632385657134    -0.692572305645     0.347033113844
 171     -0.793839846143     0.262539369712     0.548535667051
 172      0.727237664561     0.666321214857     0.164746526137
 173      0.973634870258    -0.222854499517    -0.048693032994
 174      0.095356595694     0.125946899042    -0.987443415229
 175      0.155890267801     0.323298016865     0.933368424951
 176      0.262741605358    -0.943454427540    -0.202140030597
 177     -0.401255476300    -0.786154616908    -0.470058465570
 178      0.045673785584     0.973234227694    -0.225231088784
 179      0.534312087098     0.131057290853     0.835065614245
 180      0.013181795975    -0.354219221707     0.935069507164
 181      0.952264074066     0.252241820010     0.171951148530
 182     -0.114112642347     0.897454402604    -0.426091422237
 183      0.360804811262    -0.931477658505     0.046575314019
 184      0.715137436493    -0.084101585610    -0.693905879946
 185      0.421572748947     0.906587340161     0.019385871270
 186      0.535416318087     0.610919830118    -0.583186357432
 187      0.370935081865     0.516308084934    -0.771902277800
 188     -0.949068947465     0.292646763166     0.116730480020
