  432     0.177730401032       10.196652555879  
   0     -0.794571867662    -0.587969037184    -0.151485835752
   1     -0.167053700881     0.807067291248    -0.566335102584
   2     -0.395752936574     0.897865949419     0.192915396137
   3     -0.336918281025    -0.510307764192    -0.791247153371
   4      0.145478350720    -0.049641382819     0.988115267863
   5      0.075390754705    -0.548500622986     0.832744439002
   6     -0.561827616588     0.222567810556     0.796751717251
   7      0.501704595815    -0.053958752085    -0.863354476221
   8      0.828902061193     0.013366955936     0.559234027433
   9     -0.024901592693    -0.099795748690     0.994696294969
  10     -0.337342945541    -0.846647713233     0.411566989409
  11      0.244040790734     0.716206644867     0.653828826457
  12      0.146225771087    -0.696893798901    -0.702109006440
  13      0.727473617401     0.104830911662     0.678080095524
  14     -0.744921818679     0.399534987151    -0.534287636109
  15      0.746522894366     0.076482360822    -0.660949329881
  16      0.623804123030     0.685793390837     0.374907776894
  17      0.899738397990    -0.436428693165     0.000900535459
  18      0.760465684960    -0.099650102049    -0.641686683016
  19     -0.458467473550     0.104572674866     0.882537325765
  20     -0.419939429613     0.896465975656    -0.141420047898
  21      0.605765629027     0.194551184518     0.771490660535
  22      0.080744156203     0.453831417136     0.887421785883
  23     -0.653581545110     0.604507840751     0.455413476263
  24      0.006148589551    -0.786584451080    -0.617452100300
  25      0.753624012200    -0.271900832337    -0.598431938995
  26      0.419552784282     0.439679715195     0.794139288316
  27     -0.865106989002    -0.427035139604     0.263117629823
  28      0.716730835878     0.251383989863    -0.650463679649
  29      0.823077721707     0.439909252299     0.359197597111
  30     -0.292659630285     0.910423603003    -0.292368267595
  31      0.173202265422     0.888839368824    -0.424223469037
  32     -0.228041082685    -0.480374550236     0.846898787396
  33     -0.054254678598    -0.520672880100    -0.852030622559
  34      0.914827180030    -0.366323322597    -0.169995452882
  35      0.315641075981     0.025025369700     0.948548597608
  36     -0.831329285224     0.476942931741    -0.285336747356
  37     -0.741195980364    -0.336648320294     0.580772267878
  38     -0.551646476890     0.812667086010     0.187772127460
  39      0.174177548703    -0.657521549876     0.733026324887
  40      0.626146389713    -0.735293701518     0.259391347499
  41     -0.819530125559    -0.489759423979    -0.297499714160
  42     -0.219672210307    -0.973944176812    -0.056363644958
  43      0.685099955169    -0.246403959703     0.685509401883
  44     -0.497438950481    -0.582505048959     0.642839294444
  45     -0.234169426325     0.760338756044     0.605846231177
  46     -0.422277217230     0.552859520656     0.718351099552
  47     -0.614543067898     0.041420595687    -0.787795120543
  48     -0.051607510783    -0.998659029871    -0.004099620399
  49     -0.375672887432    -0.529182005523     0.760812911745
  50      0.423935249176     0.587472495752    -0.689314856391
  51      0.816628980238     0.438941649493    -0.374763041102
  52     -0.070909264569     0.317900793854    -0.945468646474
  53     -0.539633394387    -0.834050171564    -0.114700091441
  54     -0.071033547030     0.480814406873    -0.873940353422
  55      0.579497508251    -0.157467840563     0.799616481270
  56      0.108423882488    -0.393380205021     0.912960172189
  57      0.189806522203     0.949660939924    -0.249233993089
  58     -0.497988525210    -0.786751866112     0.364731311965
  59      0.443701123906     0.294892830423    -0.846266820341
  60      0.626669286425    -0.298065034991    -0.720029749641
  61      0.375802060478     0.855510354689     0.356194952743
  62      0.315462048733    -0.948573302335     0.026313226819
  63     -0.342537580595     0.092498594172    -0.934939578773
  64      0.586264369375     0.802830735988    -0.108429232929
  65      0.933740091283    -0.329856759279     0.139010648110
  66      0.267433846740     0.933496196720     0.238880698942
  67     -0.453998255975     0.837022597523    -0.305415708188
  68      0.131989879210     0.688453842735    -0.713168968906
  69      0.037487304561    -0.951238051635    -0.306171310084
  70      0.751650596144     0.590769569770     0.293279212952
  71     -0.368352951502     0.454831010648    -0.810829732356
  72     -0.240084461090    -0.927457939454     0.286672674120
  73     -0.171972720884    -0.703285261289     0.689793610094
  74     -0.292970844090     0.894433455907     0.337871095935
  75      0.658349803215    -0.635715121232     0.403040719088
  76      0.002632586017     0.075772135449     0.997121684139
  77     -0.624908326455    -0.124838557906     0.770652267879
  78     -0.647824244208     0.760289216151     0.047791802865
  79      0.748412070755    -0.602694565509    -0.276836834715
  80     -0.918762341556     0.145251225536    -0.367121017129
  81     -0.734032689172     0.624514945427    -0.266790356208
  82     -0.604304671092     0.744975645250    -0.282536993121
  83     -0.351206203560     0.804204569746     0.479488490561
  84      0.957567391602     0.172212777682    -0.231100518700
  85      0.479271663776    -0.820192282201     0.312383246219
  86     -0.873535068821     0.390544456260     0.290536591884
  87      0.994912727381    -0.087102089971    -0.050615124390
  88      0.570497980986     0.367080995323     0.734699664192
  89     -0.907674367143    -0.243579371457     0.341754784945
  90     -0.023532328345    -0.666533476064    -0.745103586630
  91     -0.959802982481     0.202394219114    -0.194460317006
  92     -0.127261985912     0.959832031871    -0.250053709301
  93     -0.544689733536     0.590795998701     0.595208519848
  94      0.180136888242    -0.893910415209    -0.410456905260
  95     -0.762803705759    -0.555930433482     0.330260290694
  96     -0.703939924509     0.177713248723     0.687667495168
  97     -0.743289424162    -0.171569225677     0.646594797945
  98     -0.466703584853    -0.563166578182    -0.681931938763
  99     -0.298420121479     0.154032217517     0.941923302113
 100      0.448945987938     0.700640488482    -0.554572272851
 101     -0.154707209147    -0.843752474197    -0.513952762152
 102     -0.012160393672     0.155576910224    -0.987748930564
 103     -0.459667232776     0.820577464243     0.339644903228
 104     -0.762192466017     0.313297389060     0.566486884892
 105      0.465680822351     0.788804020483    -0.401160303326
 106      0.903078910803     0.351951766820    -0.246126867073
 107      0.809206647870    -0.366896402916    -0.458880845722
 108     -0.859117251192    -0.511759299116    -0.004468609755
 109      0.899950968344    -0.286898973502    -0.328294431236
 110     -0.302278077850     0.837959412477    -0.454369878725
 111      0.686174627484    -0.435572801079    -0.582615409647
 112     -0.970054353548     0.031140318480    -0.240883440126
 113      0.961863077497    -0.272220629469    -0.026746009789
 114      0.920543017827     0.310991170805     0.236400177688
 115     -0.506504106984     0.344929392342    -0.790238763860
 116      0.900994955078     0.100387730729     0.422054966141
 117     -0.817579718807    -0.377221947813    -0.435048279485
 118     -0.912312640914    -0.027457331788    -0.408572808884
 119     -0.460180494134     0.756947975888    -0.463965165306
 120     -0.633742375085    -0.293630851797     0.715647626206
 121     -0.812028347183    -0.561380018410     0.159569540646
 122     -0.319413117816    -0.780968019117    -0.536716138460
 123     -0.100455948257    -0.976577157248    -0.190277845270
 124      0.088636274759     0.954452437806     0.284893233971
 125      0.196163440944     0.324137685961     0.925448358892
 126      0.159109781353     0.800467888726    -0.577871297605
 127     -0.356453065395    -0.194103954169     0.913928261488
 128      0.098978765164     0.555069439933    -0.825894134196
 129      0.135644826452    -0.225553471747     0.964741474406
 130     -0.403867733319    -0.884800791994     0.232418614727
 131     -0.840817374707    -0.203701341562     0.501529566264
 132      0.404052296142    -0.419087813362     0.813084956615
 133      0.024704533182     0.897367431514     0.440592077663
 134      0.311150339290    -0.712157937446    -0.629298449459
 135      0.731191997105    -0.524898713508    -0.435705868595
 136     -0.840311318763     0.515291526526     0.168379126524
 137     -0.270613917738    -0.936623362079    -0.222496708141
 138     -0.627949396126    -0.777718158144     0.028879445931
 139     -0.396856948843     0.688783595505     0.606697388093
 140     -0.907303678120     0.103655411417     0.407499191845
 141      0.426406512975    -0.673673050366     0.603607576910
 142     -0.818553236692     0.145078707269     0.555808210984
 143      0.464157640743     0.100722018591     0.880007249692
 144      0.022253665476    -0.987322668033     0.157158275510
 145     -0.154353991131    -0.978123497086     0.139460639146
 146      0.429378499726    -0.251262176873     0.867468398529
 147     -0.064925151333    -0.949388397785     0.307321321869
 148     -0.839526957528     0.260491059194    -0.476800687567
 149      0.015133859441    -0.890527260576     0.454678088837
 150     -0.732207633781     0.535626650554    -0.420685241302
 151      0.527173552972     0.802416129993     0.279671949566
 152      0.929768799708     0.362101331701     0.066427439130
 153      0.736901989005    -0.666749012531    -0.111450495237
 154     -0.996289782458    -0.012225544800     0.085189233024
 155     -0.581205920716    -0.427634032548    -0.692335765313
 156      0.241544686178    -0.485826284690     0.840017253206
 157     -0.292699228856    -0.077132921445    -0.953088492144
 158      0.702442916209     0.525901043246    -0.479585281446
 159      0.666737618678     0.418555285238    -0.616662323349
 160     -0.160172834333    -0.737370297942    -0.656223823748
 161      0.796477211816     0.325157432905    -0.509800642296
 162     -0.490781894851     0.638455150060    -0.592881230136
 163      0.768844447599     0.377134419919     0.516379554889
 164      0.664820301614     0.718306907024     0.205058903449
 165      0.194781195673    -0.109587423953    -0.974705536213
 166      0.933866849066    -0.110125679893    -0.340242623497
 167      0.465491766205     0.855225262717    -0.227831441214
 168     -0.663332878044    -0.270113914756    -0.697873889725
 169     -0.080799631791    -0.810030820264     0.580793844428
 170     -0.713792430722    -0.499066704605     0.491358107899
 171      0.172005080935     0.125748760311     0.977037103396
 172      0.096442196707    -0.801204572939     0.590567637952
 173      0.279049058790    -0.591899031600    -0.756166092323
 174     -0.333841893455     0.942075879448     0.032289743523
 175      0.818507885907     0.529847061610    -0.222051642666
 176      0.112485324553    -0.942306130825     0.315287499865
 177      0.324222559620     0.200898637059     0.924402222770
 178     -0.343646356055    -0.670343553377     0.657682828130
 179     -0.786333888279     0.434724272170     0.438969045981
 180     -0.967264042885     0.051784465705     0.248432365953
 181     -0.577367846734    -0.768278921469    -0.276394407295
 182     -0.506706076991     0.499564873861    -0.702626421610
 183      0.295769898571    -0.151508699345     0.943167684520
 184     -0.073767491517     0.374173573721     0.924420085201
 185      0.305344355471     0.951071687657     0.047196075251
 186      0.345046918797     0.031191429575    -0.938067011759
 187      0.857504681214    -0.196654657049    -0.475407895976
 188      0.873598054358    -0.377065891445     0.307648749276
 189      0.042031994208     0.246649020767     0.968192941524
 190     -0.419695217401    -0.183620812902    -0.888897812777
 191     -0.258187500355     0.616072426570     0.744173353380
 192      0.174817503439    -0.806340738839    -0.565025179421
 193     -0.761185428878     0.564187585209     0.319826689879
 194     -0.339251326502     0.731326610324    -0.591667074036
 195      0.423502388685     0.890663223109     0.165422942117
 196      0.383972455907     0.456492617919    -0.802608025682
 197      0.956359583976     0.138184619575     0.257451659638
 198      0.568478633560     0.817389886052     0.093304969672
 199     -0.139520889646     0.898419172546    -0.416385532594
 200     -0.936013457495    -0.351903456081     0.006539494292
 201     -0.755229182969    -0.655409818141     0.008176275208
 202      0.977231787115     0.192383934416     0.089478802135
 203     -0.895049210408     0.314013906136    -0.316673613837
 204      0.227268724051    -0.956978942100     0.180389111216
 205     -0.328394262156     0.451145984296     0.829834025234
 206     -0.511774863482     0.716534769370     0.473987777683
 207     -0.367332617556     0.287337860031    -0.884592393293
 208     -0.362688313721    -0.350058728349    -0.863664329353
 209     -0.862518317616     0.274765025124     0.424930974095
 210     -0.959843620843    -0.246255591160    -0.134381573699
 211      0.264788974453    -0.747396145221     0.609332258391
 212      0.462491550299    -0.706024093827    -0.536312916904
 213     -0.603577504708     0.049813556695     0.795746696745
 214     -0.504728973122    -0.242263118178     0.828587500064
 215      0.003866452879     0.858155526952    -0.513375244926
 216      0.021810355169    -0.018474344058    -0.999591420041
 217     -0.980429871626     0.162988984501     0.110416745808
 218      0.551185596115    -0.331326737345     0.765778709391
 219     -0.838522197076    -0.031129604993     0.543977456062
 220      0.591191332304     0.227082321735    -0.773903371077
 221      0.589459456558     0.670932053962    -0.449875236082
 222     -0.158437250193     0.054121630613    -0.985884621470
 223     -0.488026352832    -0.070233355718     0.869998594646
 224      0.856757379024    -0.487186131985     0.169164021856
 225      0.781194829899    -0.526242861477     0.335861710357
 226      0.295046650108     0.706495776031    -0.643281581200
 227     -0.320476893606    -0.943274275811     0.086765207649
 228     -0.223676528351     0.391686031843    -0.892496982137
 229      0.633554075913    -0.124224749233    -0.763660555857
 230     -0.581342182101    -0.132535953569    -0.802792307090
 231     -0.106639114143     0.938579708233     0.328171038680
 232     -0.622279820166     0.215451659603    -0.752561231919
 233      0.437890091602    -0.595627447018    -0.673409394081
 234     -0.161975359238     0.986512384146     0.023607179532
 235     -0.239633152934    -0.246345208898    -0.939089979751
 236      0.807077480618     0.587936173062    -0.054378274016
 237      0.360568764921    -0.145071922571    -0.921381735789
 238     -0.966641959281    -0.124253857414     0.223973885700
 239     -0.820694242051     0.557063750509    -0.127046994978
 240     -0.130563426408    -0.924709088144    -0.357583967745
 241      0.175597758032     0.981950236471    -0.070279160979
 242      0.082861114358     0.400685278720    -0.912461146101
 243      0.703412206442     0.282840857332     0.652083060087
 244     -0.243064341342     0.320829249877     0.915417018845
 245      0.032019193389     0.984045569409    -0.175011681269
 246     -0.495436415358     0.868174462365     0.028563284728
 247      0.712814294956    -0.494959998912     0.496900775188
 248      0.803240694700    -0.161944336884     0.573217601029
 249      0.644121165360     0.465925915410     0.606647315731
 250      0.814215087037     0.190166049354     0.548535017765
 251     -0.715782560529    -0.100435579217    -0.691062964186
 252      0.494786266108    -0.782042929658    -0.378939846207
 253      0.506654916486    -0.228697771728    -0.831262969708
 254     -0.162025905013    -0.882984989141     0.440550922207
 255     -0.962334604741     0.270186747772    -0.030186583872
 256     -0.940197301734    -0.292779533868     0.174095314007
 257      0.872539369218     0.275108369907     0.403720737605
 258     -0.894692205372    -0.419883845338    -0.152392303189
 259      0.400172569634    -0.466065889126    -0.789078260698
 260     -0.741355431324     0.246312268214    -0.624277495169
 261      0.708321921686     0.686450673120    -0.164516043693
 262      0.313022633310     0.205675298265    -0.927207906955
 263     -0.704882558217    -0.645681879741    -0.293658797409
 264     -0.453754213485    -0.790689178989    -0.410996029146
 265      0.314252623763     0.798804238245     0.512988379420
 266      0.256905202600     0.370705878184    -0.892511551050
 267      0.141818909855     0.240005181084    -0.960356657633
 268     -0.491634902689     0.398981508845     0.774021238764
 269     -0.204831542884    -0.430239406975    -0.879168977914
 270     -0.445983560373    -0.726010206633     0.523457585427
 271      0.176607414841     0.067061052741    -0.981994213948
 272     -0.035314050866    -0.274007005087     0.961079122120
 273      0.496592654735    -0.517030997455     0.697190564290
 274     -0.193251274786    -0.150888706072     0.969477458827
 275      0.355948689494    -0.878803903262    -0.317811626689
 276      0.004722137504    -0.705354092216     0.708839407772
 277     -0.361865829334     0.602170936285    -0.711648287466
 278      0.838090470128    -0.451952738612    -0.305521007365
 279     -0.006277236407     0.587577172426     0.809143783729
 280     -0.489285624338     0.160998606927    -0.857134193918
 281      0.710775475003     0.621286174265    -0.329851047901
 282     -0.719951707389    -0.540106477323    -0.435837736069
 283      0.578715569591    -0.593477305197     0.559350496316
 284      0.809278496538    -0.586671381174     0.029749042880
 285     -0.573816771210     0.810141748412    -0.120019417423
 286     -0.473648493822    -0.014481221889    -0.880594911700
 287     -0.042603172991     0.984707934706     0.168923808204
 288     -0.903457705863    -0.312334894430    -0.293617246492
 289     -0.063013754148    -0.437463356990     0.897025684180
 290      0.600114749276     0.019162252118     0.799684372609
 291      0.574024599550     0.621619792505     0.532995865535
 292      0.114223832586    -0.565155107025    -0.817038934857
 293      0.330630148417     0.933002368002    -0.142092527108
 294     -0.713687646673     0.674528423321     0.188842127501
 295     -0.630138105804     0.531441204532    -0.566123850177
 296      0.068072170675    -0.988490659434    -0.135101427790
 297      0.924994866801     0.064037325061    -0.374544680101
 298     -0.676961922226    -0.723300739759    -0.136229936946
 299     -0.931194650510     0.340542936537     0.130027040405
 300      0.609181224182    -0.788120400570    -0.088116231810
 301      0.540469127020     0.399771793754    -0.740321305689
 302     -0.696998151432    -0.696379995152     0.171021867758
 303      0.835735305222     0.152719793526    -0.527468638188
 304      0.252273296048     0.472159468182     0.844644079306
 305      0.964234146924    -0.039309850913     0.262120669784
 306     -0.188391480582    -0.606144412794    -0.772720907497
 307      0.142213305604     0.822393154168     0.550858308176
 308     -0.202335954241    -0.322631663830     0.924645321794
 309     -0.637697132590     0.342622422052     0.689892921397
 310      0.142495279720    -0.989446177035     0.026293687617
 311      0.338269020828     0.586594253752     0.735854096281
 312      0.191528501522    -0.868855853805     0.456515430641
 313      0.619758079758     0.051902635431    -0.783074733988
 314      0.012489076916    -0.883365568047    -0.468518191906
 315      0.013811085149     0.999904048967     0.001070881387
 316      0.692196483496     0.721653664171     0.008945234738
 317      0.596043575260     0.750001477331    -0.286757459175
 318     -0.992165460899    -0.074907666147    -0.099982697263
 319      0.463716656270     0.274429742336     0.842410338979
 320     -0.254283659754     0.958920288602    -0.125744584336
 321     -0.982174202465    -0.183607280158     0.040276577367
 322     -0.559050729259    -0.804944257543     0.198814044684
 323      0.582064369859    -0.579132609099    -0.570794613166
 324      0.995258974641     0.015689943440     0.095986452546
 325      0.409436952227    -0.896740368841     0.167982418847
 326     -0.917723359545    -0.072949600864     0.390464071433
 327     -0.784424580548     0.619209357004     0.035466175870
 328     -0.047896131535     0.813565840156     0.579496837191
 329      0.328384756887     0.882120501932    -0.337678651259
 330     -0.993762622865     0.097022620637    -0.054976908623
 331     -0.707484724726    -0.421294557686    -0.567429519803
 332      0.068990600495     0.727802090128     0.682308152266
 333     -0.887722108719     0.460338700217     0.006143189297
 334      0.207791037264     0.892147320275     0.401118490920
 335      0.317032966887    -0.892886995907     0.319754453366
 336      0.861401508790     0.471623364473     0.188570524571
 337     -0.216954787254     0.957490937077     0.190109772773
 338      0.456143529658     0.889582918944    -0.023985634743
 339     -0.385514767706    -0.918484115759    -0.088120899788
 340     -0.255878916040    -0.788967268268     0.558620291368
 341      0.350834694658    -0.924946201851    -0.146251634882
 342     -0.128621634648     0.197134640854     0.971902468602
 343     -0.593661403617    -0.629690618592     0.501054750215
 344      0.839511511657    -0.524695778570    -0.141119671723
 345     -0.298172617321    -0.872929789049    -0.386117435077
 346     -0.709716984820     0.696451691464    -0.106098270085
 347     -0.595081919204    -0.679405098552    -0.429285710801
 348      0.993210396198     0.099087437891    -0.060949065094
 349      0.359672670973    -0.317291162541    -0.877474722102
 350     -0.520564559069    -0.299520217160    -0.799562492463
 351      0.958655406106     0.271900564663    -0.083963654514
 352      0.239190009286    -0.447025434906    -0.861949186440
 353     -0.201100997097     0.689818196663    -0.695492088035
 354     -0.642687922007    -0.686567670952     0.339966274959
 355      0.937413680167    -0.214586341570     0.274241306604
 356      0.264549917980     0.583451039746    -0.767852997075
 357     -0.333661688881    -0.020168301043     0.942477117497
 358     -0.611803253793     0.720199078262     0.327123931133
 359     -0.600819147895    -0.565175632220    -0.565325442791
 360      0.331129466352    -0.812002726975    -0.480629636934
 361      0.865832149200    -0.251082622095     0.432772695873
 362     -0.022491531057     0.754815274960    -0.655551700263
 363      0.203561975200    -0.948444868268    -0.242929730803
 364      0.271792105013    -0.323707485715     0.906279490745
 365      0.499453243230     0.543869069262     0.674353685633
 366      0.472090919189    -0.881226230700    -0.023885023479
 367     -0.828064641835    -0.084801343474    -0.554181992750
 368      0.962550767409    -0.195996841300    -0.187299915537
 369      0.411501308358     0.681785251748     0.604843404295
 370      0.571843459230     0.566946639573    -0.592930490035
 371      0.357602801674    -0.806998432469     0.469972090903
 372     -0.362321589086    -0.362872797955     0.858514064292
 373      0.494225300939    -0.843082722507    -0.212020930388
 374      0.692939099849    -0.719073756660     0.052614982494
 375     -0.055102394626     0.628285375238    -0.776029131778
 376      0.338469547220    -0.589726395720     0.733253805851
 377     -0.079021051878    -0.322331597056    -0.943322858251
 378      0.551975533301    -0.457688736680    -0.697025129356
 379      0.020056436003     0.937251906079    -0.348075572147
 380      0.449543943524    -0.076123980689     0.890008641759
 381      0.980775990876    -0.160856229862     0.110470489433
 382     -0.167049827885     0.024153992191     0.985652545101
 383      0.195901048607    -0.283840546522    -0.938646538003
 384     -0.634919699087     0.380215327420    -0.672542400527
 385     -0.909449647638     0.386265863816    -0.153948110938
 386     -0.621750522502    -0.455614161844     0.637057315549
 387      0.892568122494     0.238598193315    -0.382613445731
 388     -0.481378476214    -0.874784455649     0.055017440807
 389     -0.782215737496    -0.260044097711    -0.566140978255
 390     -0.219070445811     0.551115303381    -0.805158408111
 391      0.763777615197    -0.333978469244     0.552360513258
 392      0.902221099549    -0.077324445620     0.424285302171
 393      0.479117610492     0.750337583924     0.455455624038
 394     -0.123244351723    -0.120143195405    -0.985076871298
 395      0.038653451617    -0.194336041239    -0.980173154985
 396      0.780330854518     0.613861740455     0.119404862101
 397      0.514704315952    -0.724746423236     0.458063411709
 398      0.713502235062    -0.071335133182     0.697012094110
 399     -0.672906567562     0.470091085829     0.571148949361
 400      0.317887031106     0.806656650604    -0.498249820362
 401     -0.104029192190     0.697306774585     0.709183466594
 402     -0.950175104267    -0.141594514723    -0.277701754822
 403     -0.846389746499     0.089553359818    -0.524980564180
 404     -0.504592863348    -0.406841180547     0.761489524595
 405      0.561123399066    -0.819424849928     0.116976264008
 406     -0.469296703179    -0.687144767980    -0.554610378755
 407     -0.731467735706     0.002223271050     0.681872428455
 408     -0.741107357106     0.073870363651    -0.667310313586
 409      0.620527405352    -0.662948409141    -0.418861726617
 410      0.857511467588    -0.023152229322    -0.513943632350
 411     -0.822944166209    -0.374188363418     0.427487974082
 412      0.709907584933     0.535833554084     0.457070698221
 413     -0.880134336267    -0.200918469130    -0.430110821633
 414      0.894613581053     0.437558849111    -0.090602395993
 415     -0.160793122932     0.507970258959     0.846233884710
 416     -0.322257455308    -0.666287014408    -0.672466911402
 417      0.752724028927    -0.629167344744     0.193791095213
 418      0.145706410796     0.982160531122     0.118871077050
 419     -0.217854907317     0.218095695260    -0.951300955043
 420     -0.094888522643    -0.589323672127     0.802305289613
 421     -0.935900715885     0.225289423417     0.270803481703
 422      0.480669253604     0.122452846083    -0.868310065084
 423     -0.408692384343     0.274753782775     0.870333783000
 424     -0.179991900015     0.863305787877     0.471493406684
 425     -0.607966109471     0.661344328926    -0.439318663765
 426      0.072057969254    -0.409588794451    -0.909419962684
 427      0.978537834916    -0.002489590649    -0.206052196243
 428     -0.431233767403    -0.866396862085    -0.251781483078
 429      0.166397816163     0.610841748488     0.774069845092
 430      0.629789303178    -0.733386587922    -0.255948327323
 431      0.638165078855    -0.424767430536     0.642119896971