0.929738 -0.200641 0.308756
0.220828 0.877336 0.426047
-0.902081 0.378362 0.207587
0.466507 0.792663 0.3925
-0.811422 -0.169869 0.559231
0.343573 -0.897371 0.276918
0.991032 -0.016629 0.132586
0.655605 -0.226829 0.720229
0.755913 0.646153 0.105267
-0.494298 0.409123 0.766999
-0.426407 0.866455 0.25968
0.802259 -0.334389 0.494534
-0.305824 -0.807856 0.503826
0.473988 -0.0946276 0.875432
-0.813005 -0.397533 0.42543
0.259629 0.314546 0.913046
0.924992 0.0538545 0.376151
0.398857 -0.58107 0.709416
0.798634 0.177213 0.575134
0.155798 -0.875043 0.458288
-0.368618 0.929503 0.0120141
0.216055 -0.46621 0.857886
0.663331 0.0336435 0.747569
-0.597099 0.158449 0.786363
-0.880007 -0.451801 0.146506
0.560226 0.814861 0.148826
-0.631518 -0.100703 0.768794
0.619252 0.325917 0.714357
-0.425336 0.756137 0.497339
-0.189399 0.961211 0.200504
-0.974991 0.222002 0.0103842
0.472481 0.169538 0.86488
-0.181919 0.787267 0.589166
-0.653261 -0.344155 0.674394
-0.184491 0.0551703 0.981285
0.266905 0.0399825 0.962893
0.95295 0.236159 0.190042
0.962313 -0.265886 0.0570913
-0.973202 -0.229756 0.00952542
0.677683 0.640875 0.36059
0.323136 -0.946135 0.0202906
-0.22216 -0.202655 0.953717
0.0460804 0.179622 0.982656
-0.919115 0.00260504 0.39398
-0.347682 0.617425 0.705623
0.0778581 0.778887 0.622313
-0.607862 0.789245 0.0871524
-0.37061 0.22166 0.901951
-0.76984 0.497395 0.399931
0.333109 0.721847 0.60661
0.904647 0.425865 0.0158825
-0.0781517 0.630841 0.771967
0.0981776 -0.970298 0.221097
0.867976 -0.441758 0.226864
0.18163 0.597842 0.780765
0.0377889 -0.0827889 0.99585
0.62127 -0.469439 0.627415
-0.782104 0.604447 0.151513
0.734621 -0.659504 0.159331
-0.00971938 -0.589378 0.807799
-0.418815 -0.0358283 0.907364
-0.75644 -0.653215 0.0332941
-0.351952 -0.89862 0.261937
0.448203 -0.349961 0.822582
-0.936043 -0.226996 0.26888
0.719233 -0.565616 0.403464
0.253801 -0.220848 0.941707
-0.445292 -0.289489 0.847296
-0.375167 -0.926954 0.00249296
0.413656 0.476211 0.775958
0.816755 -0.0841409 0.570817
-0.0565378 -0.802705 0.593691
-0.733681 -0.613868 0.291338
0.551732 -0.830597 0.0755024
-0.863228 0.255193 0.435562
-0.624575 0.705526 0.334872
-0.782561 0.0840963 0.616868
0.845353 0.461793 0.268561
-0.703128 0.33673 0.626279
-0.588761 0.567052 0.576032
0.177091 -0.716293 0.674955
-0.242606 -0.660194 0.710835
-0.23502 0.442841 0.86525
-0.0383388 0.911812 0.408815
-0.223563 -0.449196 0.86501
0.748041 0.425686 0.509143
-0.140808 -0.983396 0.114479
0.560964 -0.76021 0.32772
0.00386755 -0.337099 0.941461
0.0238135 0.42834 0.903304
-0.532754 -0.753889 0.38448
-0.113572 -0.922882 0.367953
-0.462351 -0.517771 0.719823
-0.571117 -0.810268 0.131493
0.326587 0.925619 0.191234
-0.989887 -0.00419011 0.141793
0.557139 0.587389 0.587001
0.383941 -0.762412 0.52088
-0.63643 -0.561427 0.52892
0.0709 0.981404 0.178379
