0.614367 -0.310036 0.725555
-0.760713 -0.603386 0.239251
0.922756 0.0898142 0.374774
0.526188 0.294137 0.797878
-0.303652 0.741701 0.598059
0.477474 -0.795252 0.373622
-0.327283 0.944751 0.0181942
0.304001 0.796798 0.522203
-0.123654 -0.787333 0.604001
0.0422161 -0.307381 0.950649
0.896484 -0.438748 0.0617822
0.759361 0.634966 0.142087
-0.775673 0.585145 0.23651
0.00245356 -0.999166 0.0407473
-0.63939 0.24361 0.72927
-0.5397 -0.362323 0.759898
-0.960368 -0.0231404 0.277773
-0.0689424 0.297327 0.952283
