0.335034 -0.795612 0.504731
0.0295163 -0.997764 0.0599715
-0.357261 0.903978 0.234924
-0.359739 -0.819713 0.445712
0.790246 0.114759 0.601949
0.370381 0.449311 0.812981
-0.96727 0.0277493 0.252229
0.68547 0.629689 0.365544
0.989722 0.129077 0.0615583
0.0481349 0.00925749 0.998798
0.481599 -0.322801 0.814777
-0.732108 0.518403 0.4419
-0.0529742 -0.536059 0.842517
-0.813668 -0.527552 0.244199
-0.471118 0.214005 0.855716
0.217408 0.944243 0.247264
-0.152026 0.674827 0.722147
0.797544 -0.483659 0.360552
-0.584047 -0.338575 0.737737
