-0.767602 -0.254382 0.588282
-0.691562 0.713636 0.111648
-0.170115 0.984548 0.0415421
0.248562 0.679253 0.69053
0.700755 -0.549586 0.454861
0.110455 -0.854193 0.508088
-0.286875 -0.526918 0.800038
-0.978782 0.202269 0.0327608
-0.921613 -0.386753 0.0324281
-0.38336 0.0471856 0.922393
0.981211 0.0123573 0.192543
0.749876 0.502309 0.430549
-0.563368 -0.758249 0.32814
0.45988 -0.887417 0.0316288
0.402784 0.900523 0.163776
0.700964 -0.0154048 0.71303
0.291031 -0.415451 0.861801
-0.754323 0.336742 0.563562
0.196008 0.158993 0.967627
-0.328363 0.74732 0.57766
