0.480744 -0.60827 0.63158
-0.762196 -0.170857 0.624392
-0.318878 -0.013948 0.947693
0.107197 0.854824 0.507724
-0.261906 0.535168 0.803119
-0.483669 -0.665769 0.568169
0.0241172 -0.895224 0.444964
0.338744 0.444233 0.829403
-0.746374 0.392897 0.537176
-0.409985 -0.910259 0.0578046
0.781856 0.166641 0.600777
0.3961 -0.117717 0.91063
-0.438211 0.831514 0.341404
-0.0273159 -0.49782 0.86685
0.984319 0.163081 0.0672305
-0.849234 -0.502743 0.1614
0.882054 -0.329353 0.336908
0.61826 -0.778972 0.104678
-0.987497 0.0508007 0.149225
-0.817993 0.575228 0.00117014
0.633353 0.672644 0.38264
