-0.0134455 0.521994 0.852843
-0.926609 -0.326307 0.186869
0.302222 0.801669 0.515742
0.197708 0.0414709 0.979383
-0.506648 -0.730246 0.458311
-0.728139 0.648159 0.222942
0.958403 -0.191572 0.211573
-0.22766 -0.480214 0.847092
0.311711 -0.464375 0.82897
0.0372722 -0.83909 0.542714
-0.207865 -0.974804 0.0809241
-0.529009 0.483887 0.697139
0.54791 0.379387 0.745561
-0.691984 -0.269344 0.669785
-0.340709 0.0396058 0.939334
0.885291 0.330793 0.326856
-0.884466 0.175672 0.432272
0.644619 0.757857 0.100596
0.160875 0.986561 0.0285694
-0.230614 0.861474 0.452415
0.712999 -0.13151 0.688721
0.551806 -0.721015 0.419103
