-0.0701155 -0.996417 0.0472865
0.904467 0.413556 0.104454
-0.589149 -0.806278 0.0531025
0.0754894 0.996813 0.0257935
0.633692 -0.549515 0.544488
0.20644 0.503398 0.839031
0.909335 -0.0907829 0.40604
-0.339364 0.415885 0.843725
-0.712099 0.535924 0.453543
0.00638294 0.0138209 0.999884
-0.969347 0.104754 0.222247
0.141398 -0.593941 0.791985
0.694694 0.374091 0.614375
0.462685 -0.876507 0.132887
0.525077 -0.098643 0.845319
0.862047 -0.504998 0.0430356
-0.74346 -0.476619 0.469149
-0.709339 0.0295609 0.704247
-0.361265 -0.372647 0.854764
-0.289716 -0.804968 0.517775
-0.459535 0.882021 0.104243
0.410655 0.80788 0.42272
-0.128312 0.829424 0.543683
