-0.879531 0.473264 0.0494671
-0.695053 -0.156082 0.701812
0.468338 0.875121 0.121748
0.508392 -0.783307 0.357726
0.872712 -0.472902 0.121397
0.636946 0.159169 0.754298
-0.964113 -0.00752404 0.265385
0.130908 -0.664692 0.735559
-0.795585 -0.514758 0.319482
-0.379535 -0.714607 0.587614
-0.235327 -0.320542 0.917537
0.283105 -0.195248 0.939005
0.686522 -0.360921 0.631208
0.939902 0.00881033 0.341331
-0.188992 0.667778 0.719969
0.16152 0.324463 0.932006
0.00502129 -0.952633 0.30408
-0.356995 0.199174 0.912625
-0.0290747 0.953911 0.298678
-0.535148 0.784728 0.312759
0.767684 0.516241 0.379679
0.331626 0.717152 0.612958
-0.476698 -0.874677 0.0877455
-0.734575 0.363474 0.572962
