-0.475654 0.867931 0.142999
0.318734 -0.362757 0.875681
-0.718365 0.520273 0.461809
0.734132 -0.400981 0.547963
0.0141329 0.0538507 0.998449
-0.114633 -0.644366 0.756077
-0.237818 -0.917641 0.318399
-0.799886 0.0146243 0.599973
0.684727 -0.717922 0.125444
0.959996 -0.26605 0.0873179
-0.419234 -0.227758 0.878845
-0.656281 -0.753628 0.0366129
0.223663 -0.972653 0.0626165
0.881193 0.101371 0.461761
-0.430853 0.30184 0.850446
-0.596214 -0.594812 0.539191
0.873181 0.479127 0.089402
-0.262361 0.745272 0.612973
0.516848 0.128474 0.846382
-0.972501 0.192577 0.130982
0.622643 0.555978 0.55064
0.172063 0.531284 0.829537
-0.919891 -0.328752 0.213829
0.351486 -0.768177 0.535127
0.217717 0.876505 0.429346
