0.865517 -0.441956 0.235703
0.642652 0.453559 0.61748
-0.931223 0.35712 0.072726
-0.52747 -0.0301983 0.849037
0.179625 0.51671 0.837105
-0.63001 0.7303 0.264102
0.328089 0.828722 0.453407
0.597338 0.801873 0.013633
0.895933 0.410544 0.169579
0.0378854 0.997415 0.061053
0.871279 0.00697727 0.490738
-0.761363 0.327639 0.559445
0.501497 -0.78533 0.362984
0.459242 0.0529582 0.886731
-0.981388 -0.155199 0.113095
0.0580672 -0.990339 0.125925
-0.185805 0.845335 0.500884
-0.42293 -0.819401 0.386927
0.147906 -0.391409 0.908253
0.0449708 -0.795708 0.604009
-0.764313 -0.362879 0.533052
-0.341146 -0.508222 0.790778
-0.336527 0.466661 0.81791
-0.0447496 0.0795819 0.995823
-0.776661 -0.626669 0.0639016
0.612835 -0.396258 0.683676
