0.713762 -0.675591 0.184717
0.435704 -0.65766 0.614529
-0.671141 -0.641001 0.372407
0.965303 -0.255916 0.0519364
-0.00923524 -0.00388766 0.99995
-0.838095 -0.140194 0.527203
-0.214949 0.500981 0.838341
0.654135 0.542385 0.527187
0.0301391 -0.49232 0.869892
-0.938123 -0.340424 0.063531
-0.491781 0.0772384 0.867286
-0.977635 0.159666 0.136882
-0.0282209 0.962707 0.269069
-0.46363 -0.421286 0.779465
0.792664 -0.30878 0.525679
0.834362 0.548628 0.0533612
-0.774504 0.623278 0.10802
0.923485 0.149673 0.353233
-0.225104 -0.804823 0.54917
0.373283 0.304961 0.876161
0.462796 0.866419 0.187448
0.442403 -0.197286 0.874847
-0.447463 0.760703 0.470221
-0.250223 -0.96804 0.0169076
-0.755671 0.364954 0.543847
0.200174 0.727779 0.655948
0.18215 -0.942442 0.280402
