0.35647 -0.422211 0.833467
0.335083 -0.824271 0.456396
0.517338 0.0482171 0.854422
-0.366335 -0.320507 0.873541
0.337441 0.508024 0.792493
-0.292196 0.931092 0.218377
-0.04053 0.782627 0.62117
-0.130736 0.388991 0.911918
-0.516521 -0.661501 0.543711
-0.812239 -0.562066 0.156047
-0.50105 0.59427 0.629121
-0.77448 -0.238085 0.586085
-0.982954 -0.0946532 0.157615
-0.716802 0.67594 0.171176
0.736829 0.454481 0.50053
0.731891 0.679075 0.0565101
0.965392 0.241625 0.0981637
-0.551398 0.138602 0.822648
0.64627 -0.759559 0.0735185
0.863027 -0.0268495 0.504444
-0.12628 -0.941776 0.311628
0.408054 0.816489 0.408458
-0.846683 0.28452 0.44964
0.946785 -0.305653 0.100868
0.165424 0.986186 0.0085149
0.0453907 -0.0694713 0.996551
-0.0554258 -0.681454 0.729759
0.711247 -0.500624 0.49346
