-0.815098 0.236091 0.529033
0.711758 0.32034 0.625126
0.367823 -0.753387 0.545082
-0.567631 -0.0831512 0.819073
-0.0945764 -0.99435 0.0481966
-0.889137 -0.457636 0.00207565
0.74599 -0.61497 0.255561
0.132077 0.952462 0.27454
0.0988192 0.388851 0.915986
0.37391 0.683447 0.62697
-0.573555 0.666113 0.476789
-0.117065 0.74905 0.652089
-0.559889 -0.82856 0.00359457
-0.118923 -0.845439 0.520663
0.430477 0.0203283 0.902372
-0.997673 0.0222825 0.0644428
0.210834 -0.42384 0.880857
0.653622 -0.355582 0.668087
-0.103854 -0.0572347 0.992944
-0.860871 0.496871 0.109641
-0.341245 0.931234 0.127886
0.394272 -0.915747 0.0771817
0.923791 -0.0568731 0.378651
-0.855471 -0.252241 0.452266
-0.39096 0.37989 0.838352
0.591041 0.783363 0.192388
-0.580184 -0.664372 0.471165
-0.280701 -0.489364 0.825669
0.902579 0.3941 0.17331
