-0.183961 0.405997 0.895167
0.70031 0.706169 0.104364
0.212943 -0.446972 0.868833
-0.267143 -0.4189 0.867846
0.811781 -0.284996 0.509696
0.803276 0.192813 0.563534
0.0456113 -0.803762 0.5932
0.303647 0.909033 0.285408
-0.356489 0.732103 0.580467
-0.702734 0.664723 0.253592
-0.909764 0.0196127 0.414662
-0.167137 0.964508 0.204426
-0.169392 -0.966098 0.194837
0.948538 0.294455 0.116498
-0.467719 0.0178965 0.883696
0.309678 -0.927202 0.210703
-0.883664 -0.416506 0.213685
-0.00428874 -0.0382286 0.99926
0.11289 0.720253 0.684465
0.563389 0.609578 0.557681
0.776551 -0.610148 0.157123
-0.673888 0.375182 0.636485
0.529374 -0.0856829 0.844051
-0.949581 0.311604 0.0346247
0.510088 -0.657388 0.554663
-0.425974 -0.728766 0.536141
-0.685478 -0.338167 0.644797
-0.605538 -0.790214 0.0942661
0.980503 -0.183228 0.071006
0.29059 0.328147 0.89882
