-0.664831 0.457686 0.590358
0.748249 -0.660843 0.058404
0.216362 -0.7086 0.67162
-0.1837 0.969242 0.163778
0.990301 0.136425 0.0263267
-0.757987 0.00990911 0.652194
-0.857764 -0.347961 0.37837
-0.927034 0.2701 0.260105
-0.393361 -0.0966816 0.914286
0.933951 -0.274332 0.229081
-0.318254 0.357253 0.878114
0.465961 0.127493 0.875572
-0.11506 -0.463143 0.878783
0.40322 -0.870588 0.28194
0.277288 0.94704 0.161948
-0.606456 -0.729904 0.315359
-0.993902 -0.110041 0.00706624
0.0585172 -0.0521444 0.996924
-0.541678 -0.474189 0.694067
0.529854 0.531161 0.661152
0.41139 -0.330059 0.849599
0.643595 -0.558884 0.522909
0.160727 0.796797 0.582479
-0.226968 -0.788686 0.571367
-0.0370196 -0.979774 0.196652
0.764294 -0.127042 0.63223
-0.588064 0.767041 0.256572
0.134184 0.448215 0.883797
0.660182 0.706618 0.25466
-0.295503 0.733614 0.611955
0.851416 0.283879 0.441025
