0.0629726 0.974778 0.21411
-0.0836052 0.793069 0.603366
-0.653715 -0.633704 0.413613
0.276349 -0.846619 0.454827
-0.444357 -0.0092758 0.895802
0.251643 0.112127 0.961303
-0.768177 0.546872 0.332921
-0.252168 -0.820652 0.512778
0.609308 -0.557898 0.563466
-0.162895 0.345692 0.924101
0.231285 0.53945 0.80963
-0.428578 0.847399 0.313426
-0.467007 -0.880485 0.0815535
0.539513 0.673898 0.504765
-0.924015 -0.306075 0.229162
0.0551106 -0.621809 0.781228
-0.744813 0.208024 0.634018
0.488216 0.867278 0.0973378
0.892969 0.206262 0.400079
0.605299 0.29171 0.74062
0.380697 -0.31335 0.869989
-0.0317664 -0.987735 0.152875
0.746427 -0.650406 0.140779
-0.731679 -0.245681 0.635835
-0.470923 0.56761 0.675315
0.740223 -0.133896 0.658894
-0.377141 -0.483579 0.789883
0.930213 -0.254296 0.264647
-0.959907 0.146293 0.239116
0.82009 0.558739 0.123543
-0.0523757 -0.22471 0.973017
0.397459 -0.917328 0.0231368
