0.70632 0.540355 0.457306
-0.766201 0.637562 0.0803189
-0.472059 -0.622609 0.624114
-0.578415 0.653788 0.48785
0.14716 -0.121812 0.981583
0.564257 -0.128847 0.815483
-0.619916 0.229681 0.750301
-0.203711 -0.38932 0.898294
0.0303935 0.99058 0.133519
0.262822 0.67336 0.691022
-0.285179 0.524394 0.802299
-0.996053 0.0838993 0.028972
-0.448205 -0.860051 0.243772
0.829022 0.115176 0.547227
0.419449 0.853025 0.310501
0.514829 0.31703 0.796519
0.939905 0.304085 0.155275
0.0902346 0.321853 0.94248
-0.0119459 -0.959943 0.279939
-0.864335 0.323084 0.385412
-0.121071 0.840217 0.528561
0.312925 -0.500826 0.807001
0.945089 -0.204953 0.254559
-0.408912 0.899724 0.1526
0.679186 -0.71276 0.175156
-0.774819 -0.55695 0.299101
0.730841 0.681803 0.0318655
0.359195 -0.802018 0.477227
0.706905 -0.454853 0.541659
-0.0413452 -0.740631 0.670639
-0.624191 -0.219307 0.74986
-0.90274 -0.140215 0.406694
-0.266997 0.050563 0.96237
