-0.459248 0.884566 0.0814456
-0.701009 0.622877 0.347291
0.809774 0.585913 0.0311749
0.674297 0.581997 0.454535
-0.814376 -0.546242 0.195989
-0.987828 -0.152564 0.0303162
-0.34881 0.719288 0.600796
-0.482406 -0.826005 0.291547
0.140673 -0.326686 0.934606
0.376651 0.875374 0.303076
-0.0586932 0.964688 0.256773
0.0814234 -0.933118 0.350229
-0.95131 0.278722 0.131617
0.0916571 0.772514 0.628348
0.826389 -0.539962 0.159754
0.713146 0.196725 0.672847
0.500691 -0.83054 0.243948
0.229053 -0.686954 0.689659
0.628213 -0.542562 0.557652
-0.868855 -0.190517 0.456941
0.546542 -0.189879 0.815621
-0.603442 -0.0740074 0.793965
-0.610123 -0.525377 0.593067
0.988731 -0.140507 0.0516614
-0.801371 0.239269 0.548229
0.929117 0.236653 0.284143
-0.0362319 0.441763 0.8964
0.245242 0.104377 0.963827
-0.207626 -0.746749 0.631868
0.391599 0.483196 0.783053
0.861952 -0.173267 0.476464
-0.462988 0.347194 0.815535
-0.19345 0.0345619 0.980501
-0.295899 -0.384759 0.874302
