-0.449656 0.17998 0.874881
-0.122268 -0.0828637 0.989032
0.365486 0.394248 0.843201
0.212703 -0.435592 0.874653
-0.846806 -0.528859 0.0568078
-0.343724 0.587267 0.732784
0.459883 -0.657194 0.597163
-0.564001 -0.229261 0.793311
-0.0535289 0.997097 0.0541578
-0.0532317 0.341262 0.93846
-0.595591 0.726077 0.343632
-0.841889 -0.0158995 0.539417
0.304231 -0.0199162 0.95239
0.596634 -0.277443 0.753029
0.839763 0.38494 0.382909
-0.545361 -0.824332 0.151852
0.576103 0.805813 0.137007
-0.76613 -0.436478 0.471734
-0.981194 -0.127194 0.145191
0.79194 -0.453156 0.409245
0.0761176 0.690933 0.718901
0.224882 0.900952 0.371097
0.641642 -0.754555 0.137629
-0.201127 0.874238 0.441878
0.0429278 -0.761688 0.646521
-0.157803 -0.938685 0.306542
-0.438827 -0.707092 0.554483
-0.703195 0.390248 0.594325
0.919735 -0.0402119 0.390474
0.690775 0.142551 0.708879
-0.216804 -0.481299 0.849322
0.947357 -0.318914 0.0284159
0.53561 0.6503 0.538731
-0.926562 0.292081 0.237006
0.274088 -0.9131 0.301868
