0.221088 0.920156 0.323159
-0.0852655 0.387715 0.917827
0.61747 -0.615896 0.489289
0.32473 -0.891898 0.314751
0.188321 0.0507838 0.980794
-0.863336 0.490673 0.11786
-0.87955 -0.334628 0.338255
-0.488622 0.233859 0.84057
-0.566386 0.812926 0.135489
0.47467 -0.350081 0.807546
0.0537736 -0.363531 0.930029
-0.970657 0.0796597 0.226888
-0.512032 -0.749939 0.418826
0.884335 0.454053 0.108565
-0.787067 -0.00228965 0.616863
-0.10017 -0.900568 0.423016
0.906019 -0.393188 0.156631
0.597785 0.0789588 0.797759
0.86021 0.20339 0.467623
0.0240241 -0.99961 0.0142336
-0.405917 -0.913907 0.00227088
0.66077 -0.747027 0.0730356
0.600328 0.785827 0.148603
-0.753548 -0.65412 0.0655187
0.62802 0.570259 0.529523
0.191593 -0.701313 0.686624
-0.370372 0.626718 0.685601
-0.339696 -0.169897 0.925063
0.805472 -0.22414 0.548613
0.0560005 0.729332 0.681864
-0.213226 0.899837 0.380563
0.342585 0.433903 0.833285
-0.730338 0.429391 0.531253
0.995739 0.0304224 0.0870501
-0.61156 -0.408823 0.677391
-0.23788 -0.629859 0.739386
