0.571065 0.820743 0.0162996
-0.484942 -0.0965315 0.869202
0.653042 0.0439432 0.756045
-0.107612 -0.272366 0.956157
0.212128 -0.521098 0.826715
-0.447408 0.652362 0.61176
-0.769286 -0.562417 0.303128
0.972887 -0.19745 0.120435
-0.138267 0.979685 0.14526
-0.96417 -0.248742 0.0922136
0.556485 -0.588553 0.586455
-0.434307 -0.787982 0.436419
0.316652 0.697588 0.642731
-0.386239 0.317117 0.866173
-0.190331 -0.634509 0.749115
-0.513258 -0.857886 0.0244282
0.309713 -0.123767 0.94274
-0.773388 0.507026 0.38052
0.8111 0.539381 0.226241
0.976977 0.213127 0.00967773
0.784405 -0.576979 0.227603
0.344248 0.333278 0.877735
-0.134082 -0.971131 0.1973
-0.846363 -0.191775 0.496881
-0.0188093 0.14218 0.989662
0.89486 0.14655 0.421602
0.818433 -0.262055 0.511366
-0.523735 0.820605 0.228713
-0.0252688 0.540546 0.840935
-0.0715302 0.838166 0.540704
-0.95552 0.142758 0.258074
0.656169 0.443527 0.610513
0.106738 -0.843298 0.52674
0.258782 0.922482 0.286457
-0.573072 -0.464533 0.675128
0.447094 -0.852343 0.271327
-0.731694 0.185623 0.655872
