0.571065 0.0162996 0.820743
0.653042 0.756045 0.0439432
-0.143141 -0.976836 0.159065
0.465002 -0.394566 0.792522
-0.447408 0.61176 0.652362
-0.138267 0.14526 0.979685
-0.979657 -0.187672 0.0710721
0.316652 0.642731 0.697588
-0.386239 0.866173 0.317117
0.0650688 -0.528825 0.846233
-0.773388 0.38052 0.507026
-0.77957 -0.435183 0.45043
0.813894 -0.198973 0.545881
0.898725 -0.405714 0.166403
0.8111 0.226241 0.539381
-0.773068 -0.630161 0.0725434
-0.631822 -0.17726 0.754573
0.976977 0.00967773 0.213127
0.647677 -0.757889 0.0782223
0.66015 -0.58771 0.467761
0.279801 -0.941785 0.186418
0.344248 0.877735 0.333278
0.289049 -0.766358 0.573712
-0.0188093 0.989662 0.14218
0.89486 0.421602 0.14655
0.186339 -0.12943 0.973923
-0.133939 -0.810269 0.570547
-0.523735 0.228713 0.820605
-0.0252688 0.840935 0.540546
-0.254174 -0.261038 0.931265
-0.0715302 0.540704 0.838166
-0.453748 -0.558712 0.694229
-0.95552 0.258074 0.142758
-0.890806 -0.0247293 0.45371
0.656169 0.610513 0.443527
0.258782 0.286457 0.922482
-0.489075 -0.804653 0.336659
-0.731694 0.655872 0.185623
