0.599864 -0.0380544 0.799196
-0.506774 0.77662 0.374221
-0.0382406 -0.857293 0.513406
-0.124376 0.103527 0.98682
-0.379747 0.925089 0.00134099
0.900926 0.398363 0.17216
0.276447 0.814941 0.509361
0.281848 0.202531 0.93784
-0.776199 0.624185 0.088929
-0.295728 0.495166 0.816919
-0.16237 -0.312624 0.935897
-0.0190314 0.977073 0.212054
0.247511 -0.21699 0.944274
-0.906443 0.289064 0.307901
0.121573 -0.590916 0.79752
0.809114 0.223004 0.543694
-0.700472 -0.527349 0.480876
0.515992 0.472052 0.714786
0.908715 -0.415582 0.0390829
-0.933349 -0.258875 0.248683
0.658855 -0.752269 0.00126788
0.846676 -0.19353 0.495668
-0.121302 -0.985209 0.121033
0.386018 0.915236 0.115466
0.376899 -0.811481 0.446594
-0.785442 -0.614029 0.0777819
-0.518642 0.139055 0.843608
-0.434261 -0.828039 0.35464
-0.329965 -0.624384 0.708003
-0.55385 -0.276386 0.785405
0.293921 -0.954 0.0591108
-0.138935 0.804846 0.576992
0.72207 -0.578477 0.379446
0.514343 -0.457829 0.725151
-0.655638 0.455541 0.60218
-0.816651 -0.0222256 0.576703
0.118535 0.569935 0.813095
0.645146 0.670351 0.366627
0.989741 -0.0155134 0.142029
