-0.979712 -0.147909 0.13523
-0.274129 -0.923346 0.268859
-0.906536 0.328088 0.265616
0.0454806 0.858255 0.511204
-0.0446104 0.597687 0.800487
-0.824626 -0.466729 0.319618
0.847575 0.0753528 0.525299
-0.539705 -0.66033 0.522191
-0.271467 0.921938 0.276289
0.938162 0.284601 0.197113
-0.678571 0.644774 0.351862
-0.0384939 0.236285 0.970921
-0.560549 0.827949 0.0168778
0.649533 0.400727 0.646162
-0.224043 -0.11763 0.967454
0.0360798 -0.415308 0.908965
0.346696 0.302723 0.887784
-0.348881 -0.464766 0.813803
0.101263 0.985451 0.136497
0.424505 -0.377142 0.82314
-0.8713 -0.00111076 0.490749
-0.621961 -0.769205 0.146589
0.21988 -0.692351 0.687243
-0.383149 0.388675 0.837931
-0.710847 0.343613 0.613699
-0.565261 0.0332253 0.824243
0.336836 0.646597 0.684437
0.731132 0.606095 0.313202
0.744163 -0.30438 0.594621
0.110507 -0.919517 0.377195
-0.371478 0.70906 0.599365
0.836528 -0.486888 0.251319
-0.16711 -0.766283 0.620391
0.457286 -0.869887 0.184897
0.221551 -0.0671446 0.972834
0.58311 -0.010503 0.812325
0.411382 0.843692 0.344889
-0.684062 -0.311061 0.659773
0.570514 -0.651616 0.499911
0.97392 -0.113416 0.196513
