0.0493296 0.606169 0.793804
0.215057 -0.475257 0.85316
-0.495214 0.825347 0.271231
-0.755846 -0.520834 0.396773
0.373023 0.917109 0.140591
0.222056 -0.879589 0.42073
-0.534214 -0.823236 0.192087
0.987566 0.126307 0.0935998
-0.445272 -0.00158382 0.895394
-0.189809 0.310182 0.931536
0.958281 -0.276712 0.0716034
-0.829906 -0.148785 0.537698
-0.17382 -0.921289 0.347869
-0.80607 -0.591819 0.00154643
-0.953083 -0.252795 0.166517
-0.92275 0.189348 0.335678
0.568385 -0.789434 0.231802
0.214142 0.266594 0.939719
0.790367 -0.483464 0.376273
-0.0260266 -0.0538173 0.998212
-0.730837 0.534325 0.424704
0.234697 0.827431 0.510171
0.85409 0.50789 0.112157
-0.0485852 -0.729968 0.681752
-0.204061 0.808629 0.551795
0.441117 0.544722 0.713228
-0.0197643 0.972738 0.231064
0.658033 -0.278939 0.699418
0.608505 0.1811 0.772609
-0.884108 0.465366 0.042273
0.612618 0.693909 0.378405
0.265747 -0.963656 0.0272972
-0.434967 -0.701177 0.564937
0.835217 0.301632 0.459816
0.488452 -0.633416 0.600166
0.368097 -0.107308 0.923574
-0.704625 0.217702 0.675359
0.898023 -0.0969647 0.42913
-0.18264 -0.411765 0.8928
-0.557048 -0.361396 0.747723
-0.450332 0.532904 0.71639
