-0.179673 0.301072 0.936522
-0.156156 -0.796314 0.584379
-0.98317 0.0248113 0.180999
-0.273835 -0.08924 0.957628
-0.648953 0.484798 0.586371
-0.87312 0.41198 0.260639
-0.0221852 -0.96915 0.245471
0.339277 0.837496 0.42836
-0.179441 -0.468891 0.864837
-0.543666 0.175538 0.820739
-0.298957 0.952499 0.0580545
0.988372 -0.151586 0.0119349
0.682276 0.647297 0.339862
0.746872 0.261182 0.611527
0.170088 -0.634052 0.754353
-0.722003 -0.616845 0.313389
0.334997 -0.940855 0.0506851
-0.926945 -0.368005 0.0731124
0.633655 -0.738304 0.23106
-0.520139 0.780639 0.346495
0.913994 0.342106 0.218124
0.0915985 0.984744 0.147952
-0.603057 -0.219297 0.766962
-0.409711 -0.86796 0.280682
0.0987428 0.691525 0.715572
0.467888 0.882368 0.0500731
-0.851402 -0.263016 0.453804
-0.723613 0.690106 0.0117444
-0.830127 0.128553 0.542553
0.21718 0.358835 0.907783
0.54246 -0.570464 0.616691
-0.297142 0.621886 0.724544
0.921829 -0.0227203 0.386929
0.12109 -0.0222996 0.992391
0.497101 0.0734706 0.864577
0.709484 -0.209094 0.672988
0.306754 -0.844035 0.439894
-0.145541 0.878619 0.454803
-0.493637 -0.585733 0.642837
0.838903 -0.414637 0.352586
0.481475 0.555887 0.677622
0.375784 -0.309752 0.873407
