0.214389 -0.96318 0.162237
0.517119 0.197903 0.83272
0.866828 -0.493866 0.0686051
0.220636 0.454331 0.863078
-0.228023 -0.0398146 0.972841
-0.326793 -0.692997 0.642621
-0.895396 0.433481 0.101781
-0.664942 -0.565928 0.487419
-0.0674729 0.909028 0.411237
-0.899889 -0.302684 0.313978
0.629033 -0.725473 0.279296
0.96864 0.232263 0.0882658
0.143263 0.0888729 0.985686
0.496848 -0.511887 0.700795
0.208119 0.968434 0.137195
-0.729585 0.516267 0.448525
-0.724508 -0.215199 0.654811
0.788341 -0.41265 0.456331
-0.561847 0.101848 0.820948
-0.453215 -0.839299 0.300288
-0.317315 0.941982 0.109456
-0.167652 -0.983245 0.0715689
-0.777419 -0.618497 0.114372
-0.471349 0.476282 0.742284
0.234423 0.755934 0.611236
-0.428412 0.767552 0.476788
0.732643 -0.0904033 0.674582
0.558609 0.534666 0.634105
0.0522989 -0.314359 0.947862
0.416593 -0.177609 0.891575
-0.98172 0.0582236 0.181208
-0.0587804 -0.896439 0.439251
0.798477 0.547815 0.249665
0.815094 0.260453 0.517481
0.937946 -0.0681687 0.340015
-0.655354 0.742977 0.136001
0.317054 -0.802194 0.505926
0.505435 0.797495 0.329449
-0.408896 -0.361737 0.837825
-0.134616 0.678257 0.722389
-0.150959 0.343004 0.927124
-0.832274 0.145287 0.534987
0.048668 -0.655951 0.753233
