-0.329284 -0.10637 0.93822
0.644325 0.74695 0.164043
0.0800236 -0.939248 0.333781
-0.732521 -0.520388 0.438872
0.678247 0.221948 0.700515
-0.0426748 -0.75495 0.654392
0.0104004 0.46898 0.883147
-0.330679 0.281456 0.900796
0.38988 -0.915556 0.0987489
0.764355 0.484337 0.425651
-0.584196 -0.326959 0.742841
-0.937217 0.333133 0.10318
0.102482 0.760337 0.641394
-0.627705 -0.763301 0.152832
-0.00130138 0.0960462 0.995376
-0.845589 -0.154561 0.510969
-0.635853 0.0663634 0.768952
0.661342 -0.499359 0.559703
-0.306714 -0.891871 0.332405
0.908831 0.411026 0.0713006
-0.186994 -0.462016 0.866934
0.412373 -0.783603 0.464665
-0.419183 -0.659358 0.624125
-0.594277 0.448565 0.667551
0.504916 -0.258942 0.823413
0.996843 -0.0735395 0.0299293
0.892681 -0.349842 0.284132
0.283795 -0.574836 0.767479
-0.270923 0.663944 0.696979
0.137946 -0.265514 0.954187
-0.435911 0.816458 0.378654
-0.310448 0.949954 0.0347788
0.926754 0.138513 0.349199
0.380858 0.0977048 0.919457
-0.0678611 0.938173 0.339451
0.692436 -0.690612 0.208775
-0.851513 0.232844 0.469798
0.793656 -0.134429 0.593329
0.303485 0.926599 0.22206
0.467371 0.721934 0.51027
-0.900113 -0.423877 0.100626
0.389699 0.466496 0.79405
-0.742881 0.580959 0.332587
-0.985417 -0.0488499 0.162996
