-0.557741 -0.378325 0.73878
0.483597 -0.873537 0.0553865
-0.831926 -0.230368 0.504806
0.948799 -0.249569 0.193639
-0.247563 -0.968863 0.00421308
0.644325 0.164043 0.74695
0.678247 0.700515 0.221948
0.0104004 0.883147 0.46898
0.504096 -0.497794 0.705754
-0.330679 0.900796 0.281456
0.7561 -0.511006 0.408884
0.764355 0.425651 0.484337
-0.937217 0.10318 0.333133
-0.243805 -0.889818 0.385723
0.102482 0.641394 0.760337
-0.649187 -0.000207932 0.760629
-0.00130138 0.995376 0.0960462
-0.635853 0.768952 0.0663634
0.147004 -0.744595 0.651129
0.908831 0.0713006 0.411026
-0.581242 -0.80475 0.120565
-0.553175 -0.675777 0.487158
-0.594277 0.667551 0.448565
0.439464 -0.142262 0.886923
-0.231187 -0.66894 0.70645
0.743039 -0.197242 0.639522
-0.817234 -0.521196 0.245933
-0.212655 -0.340827 0.915759
0.467441 -0.771761 0.431143
-0.270923 0.696979 0.663944
-0.975441 -0.200256 0.0917245
0.164475 -0.434023 0.885761
-0.435911 0.378654 0.816458
0.0606861 -0.0748147 0.995349
-0.310448 0.0347788 0.949954
0.926754 0.349199 0.138513
0.380858 0.919457 0.0977048
-0.0678611 0.339451 0.938173
-0.851513 0.469798 0.232844
0.135915 -0.93964 0.314014
0.781385 -0.622978 0.0365465
0.303485 0.22206 0.926599
0.467371 0.51027 0.721934
0.389699 0.79405 0.466496
-0.742881 0.332587 0.580959
