0.127092 0.911487 0.391201
0.342342 0.546298 0.764435
-0.414633 -0.761521 0.498161
0.466335 0.751619 0.466477
-0.113311 0.416458 0.902066
-0.592031 0.700669 0.398199
-0.381191 0.601932 0.701692
0.00646248 0.716613 0.697441
-0.929713 -0.0419774 0.365886
0.40274 0.907039 0.122804
-0.122781 -0.332957 0.934914
-0.110046 0.0449112 0.992911
0.218675 -0.148585 0.964419
-0.765695 -0.335101 0.549016
0.202423 -0.50879 0.836754
0.546357 -0.503316 0.669452
0.721511 0.664308 0.195235
-0.134466 -0.660882 0.738346
0.219569 0.233533 0.947234
-0.777654 0.625118 0.0669471
-0.455145 -0.879864 0.136686
-0.247377 0.858598 0.449014
0.851645 -0.486819 0.194184
0.568486 -0.147778 0.809312
-0.931975 -0.339915 0.126015
-0.0598173 -0.893871 0.444315
0.567841 0.234361 0.78907
-0.457706 0.258104 0.850816
-0.0946278 -0.992576 0.0764077
0.595599 -0.719286 0.357615
-0.99766 0.0681075 0.00592105
-0.705523 0.390613 0.591319
-0.716703 -0.626562 0.306198
0.252475 -0.940267 0.228373
-0.728261 0.0204535 0.684994
-0.122183 0.986294 0.110886
-0.438643 -0.121874 0.890359
0.920873 0.311141 0.234914
0.28202 -0.771472 0.570347
-0.905034 0.327769 0.271075
0.714402 0.465831 0.52214
0.831754 0.102529 0.545594
0.969985 -0.0693241 0.233073
-0.485065 0.87142 0.0730641
-0.468435 -0.474528 0.745246
0.812557 -0.27804 0.512294
