0.731945 0.677189 0.0753086
-0.278481 -0.197116 0.939997
-0.0115045 0.358078 0.933621
0.211602 -0.976247 0.0465449
0.771693 -0.21885 0.597155
-0.849739 -0.494467 0.182882
-0.851533 0.070068 0.519598
0.368564 0.925269 0.0896507
-0.355501 0.181479 0.916889
0.907056 0.0939763 0.410388
0.836589 -0.547684 0.0126981
0.0613928 -0.0212325 0.997888
0.514928 -0.487612 0.705042
-0.633582 0.336387 0.696719
-0.264134 -0.787391 0.557
-0.315701 0.5411 0.779451
-0.609734 -0.661702 0.436319
0.0659876 -0.914246 0.399749
-0.140592 -0.541303 0.82899
0.122448 0.663855 0.737769
-0.540479 0.828461 0.146749
-0.824137 0.426903 0.372225
0.167893 0.888918 0.426189
-0.811797 0.583644 0.018558
0.435154 -0.798994 0.41503
0.498241 -0.132011 0.85693
-0.612757 -0.0766489 0.786545
0.480976 0.521908 0.704468
0.767658 0.452411 0.4539
-0.195863 0.81943 0.538677
0.528277 0.751006 0.396122
0.934276 -0.256256 0.247915
-0.550338 0.669053 0.499497
0.930192 0.347346 0.118721
0.198412 -0.371597 0.906944
-0.969715 -0.127377 0.208392
0.733963 -0.553994 0.392924
-0.794726 -0.312781 0.520171
0.188167 -0.694758 0.694194
0.679364 0.177783 0.711939
0.566676 -0.822313 0.0517682
-0.504721 -0.445323 0.739557
-0.127103 0.973458 0.190326
-0.969714 0.234032 0.0698862
-0.621236 -0.781376 0.0593071
-0.294832 -0.93433 0.200254
0.349868 0.221463 0.910245
