-0.660512 -0.190992 0.726118
0.60879 0.776685 0.161662
0.917732 0.159833 0.363623
0.708102 -0.671423 0.218591
0.205746 -0.232101 0.950683
0.47467 0.717061 0.510403
-0.627319 -0.566553 0.534312
0.427389 -0.7874 0.444229
0.998325 -0.0324677 0.0478888
-0.846086 -0.519533 0.119265
-0.28984 -0.746367 0.599107
-0.29831 0.415371 0.859347
-0.360665 0.931649 0.0441736
0.722828 0.432841 0.538673
-0.391985 -0.445676 0.804811
-0.96387 0.263584 0.0384369
0.00940618 0.999944 0.00485012
-0.0403596 0.168646 0.98485
0.332075 0.124212 0.935039
-0.13527 0.927663 0.348056
0.0862381 -0.785697 0.612571
-0.727451 0.681739 0.0777591
-0.440969 0.0667483 0.895037
-0.576331 0.52422 0.626926
0.657236 -0.508515 0.556284
0.264217 0.924655 0.27423
0.0659353 0.517591 0.853084
-0.16949 -0.186593 0.967707
0.11458 0.793046 0.598288
-0.0239287 -0.517313 0.855462
0.431609 0.454355 0.779279
-0.246368 -0.930405 0.271383
0.552322 -0.237857 0.798977
0.852319 0.48826 0.187498
-0.927374 0.0777108 0.365976
-0.588794 -0.77711 0.222311
0.658132 0.121093 0.743101
-0.824581 0.441638 0.353586
0.341361 -0.549813 0.76235
-0.254486 0.722531 0.642795
-0.982175 -0.168277 0.083753
-0.722607 0.177699 0.668029
-0.859651 -0.290578 0.420195
0.82248 -0.157361 0.546593
0.44213 -0.894378 0.0678844
-0.501667 0.785102 0.363243
0.907447 -0.350118 0.232286
0.131347 -0.952195 0.275812
