0.497747 0.850651 0.169234
-0.623886 0.761768 0.174574
-0.762815 -0.49751 0.413033
0.882281 0.011018 0.470595
-0.711625 -0.695004 0.102755
-0.288131 -0.214283 0.933308
-0.380388 0.749509 0.541795
0.495423 -0.854578 0.15573
0.722895 0.317881 0.613493
-0.413323 -0.884335 0.217061
-0.286494 0.180741 0.940879
-0.686846 0.551112 0.473834
-0.295706 0.931408 0.212219
0.352223 -0.167174 0.920865
-0.144835 -0.861978 0.485816
-0.106096 -0.993576 0.0393676
0.645811 0.631158 0.429613
0.0460624 0.345935 0.937127
0.0869835 -0.689483 0.71906
0.324775 0.806042 0.494791
0.791434 -0.611252 0.00176887
0.697029 -0.619648 0.360815
-0.818584 -0.15781 0.552283
0.914185 -0.329059 0.236616
0.16138 -0.942738 0.291892
-0.58515 -0.0283312 0.81043
0.779738 0.620523 0.0834232
-0.565257 0.33793 0.752521
0.44033 0.532602 0.722803
0.0489979 -0.381525 0.923059
0.898285 0.333139 0.286534
-0.251789 0.528266 0.810887
0.0208396 -0.0192466 0.999598
-0.475475 -0.69972 0.533212
0.993089 0.0167532 0.116159
0.650417 -0.0158117 0.759413
0.752836 -0.321149 0.574545
0.0923993 0.660429 0.745181
0.463116 -0.476256 0.747464
-0.946083 -0.243081 0.214097
0.391631 -0.759945 0.518757
-0.0387976 0.87903 0.475185
-0.975075 0.125802 0.182766
-0.251664 -0.555859 0.792266
-0.831194 0.211365 0.514239
0.147686 0.974558 0.168599
-0.578259 -0.389321 0.71697
-0.863904 0.479061 0.155469
0.38888 0.208872 0.897299
