0.527115 0.749388 0.40071
0.185313 0.828278 0.528787
-0.0200905 -0.344651 0.938516
0.991218 -0.047982 0.123222
-0.434688 -0.221628 0.872885
0.128506 -0.872766 0.470919
-0.91773 0.112832 0.380843
0.0691625 -0.650339 0.756489
0.399342 0.587339 0.703959
0.538956 -0.108435 0.835325
-0.460474 -0.722079 0.5163
0.702961 0.448825 0.551726
-0.526547 -0.832404 0.172777
-0.878875 0.43151 0.203417
0.784596 0.0552046 0.617545
-0.178899 0.351224 0.919041
0.578106 0.814806 0.0434068
0.678365 -0.734681 0.00811951
0.790849 0.572023 0.217595
-0.446787 0.516353 0.73059
-0.990866 0.133045 0.0219727
0.450531 -0.845246 0.287369
-0.743475 -0.581766 0.329838
-0.158843 -0.0086208 0.987266
-0.662799 0.601104 0.446511
0.0434887 0.612478 0.78929
-0.690364 0.719412 0.0764448
-0.0801102 0.948725 0.305782
0.646599 -0.404191 0.646946
-0.718186 0.289893 0.632591
-0.433013 0.848725 0.303587
0.910043 -0.404284 0.0915233
0.405425 -0.678428 0.612671
-0.717202 -0.0718759 0.693149
0.184858 0.306402 0.93378
-0.875222 -0.249977 0.414123
0.725646 -0.595741 0.344282
0.5267 0.257301 0.810175
0.877757 -0.23702 0.416371
-0.222673 0.772776 0.594335
0.911778 0.244299 0.330119
0.330034 -0.409544 0.8505
0.268185 0.94428 0.190821
-0.971024 -0.231184 0.0605501
-0.28665 -0.546097 0.787153
0.0836731 -0.988526 0.12576
-0.20919 -0.91861 0.335255
0.204577 -0.0572921 0.977172
-0.4763 0.14277 0.867615
-0.635496 -0.426058 0.64391
