-0.552739 0.821489 0.140126
0.946555 0.0944192 0.308414
-0.656937 0.623125 0.42444
0.789889 -0.0232185 0.61281
-0.359354 0.197971 0.911961
0.461201 -0.69881 0.546771
-0.621115 -0.77317 0.128161
0.960792 -0.231798 0.152147
0.0482546 -0.983165 0.176233
-0.407722 -0.513283 0.755184
-0.0852856 -0.0230461 0.99609
-0.857494 -0.512737 0.0424902
0.243465 -0.553237 0.796651
-0.0880758 -0.680848 0.72711
-0.0122935 0.922338 0.386188
0.566921 -0.399343 0.720504
-0.65903 0.0781088 0.74805
0.339826 0.843681 0.415597
-0.967821 -0.190321 0.164621
-0.304487 -0.946882 0.103453
-0.225167 0.969458 0.0972164
0.103246 0.733046 0.672298
0.137037 -0.853697 0.502416
-0.797459 -0.456144 0.394957
-0.116088 -0.375506 0.919521
0.390279 -0.887242 0.245934
-0.543502 0.439584 0.715103
0.69374 0.663142 0.28101
-0.806685 0.304011 0.50679
-0.406746 -0.160684 0.899299
0.903311 0.407943 0.132708
0.290271 0.468789 0.834254
0.520731 -0.0649589 0.851246
0.814891 -0.351004 0.461247
0.79422 0.376053 0.477282
-0.963094 0.168833 0.209632
0.532776 0.598125 0.598662
-0.24056 0.636986 0.732379
0.134594 0.988952 0.06211
0.239119 0.133862 0.961719
-0.355512 0.822658 0.443672
-0.052746 0.390271 0.919188
-0.850668 0.506192 0.14189
0.477515 0.874765 0.0822576
-0.872974 -0.0511987 0.485072
-0.538928 -0.69738 0.472459
0.588763 0.278372 0.758859
-0.220342 -0.867274 0.446413
-0.673664 -0.278008 0.684754
0.212585 -0.226981 0.950414
0.706208 -0.648033 0.285174
