0.818677 0.572924 0.0390628
-0.541371 -0.0796496 0.837003
0.817302 0.436774 0.375827
-0.719132 -0.690299 0.0796022
0.0771965 0.650071 0.755942
0.470908 0.0705347 0.879358
0.499088 0.606862 0.61857
-0.955577 -0.252836 0.151479
0.703355 -0.140619 0.696791
0.967871 0.214592 0.131056
0.5575 -0.825532 0.0876906
0.363877 -0.276439 0.88948
0.32052 0.400573 0.858376
-0.312606 0.617577 0.721717
-0.0106897 0.980047 0.198478
-0.116177 0.846581 0.519427
-0.181751 -0.919262 0.349175
-0.080413 -0.99672 0.0090585
0.767383 -0.585406 0.261579
-0.424072 -0.902167 0.0791072
-0.228361 0.045281 0.972523
-0.694904 0.700598 0.162083
0.204618 -0.940611 0.270893
-0.461186 0.775922 0.43041
-0.313068 -0.359007 0.879262
0.882635 0.0898467 0.461392
-0.993554 0.112709 0.0121169
-0.0126595 -0.557251 0.830248
0.0144496 -0.224882 0.974279
0.345811 0.925366 0.155284
-0.537036 -0.748817 0.388415
-0.274688 -0.719436 0.637932
-0.930942 0.0415952 0.362789
-0.112517 0.384901 0.916074
0.126831 0.120389 0.984591
-0.742681 0.158443 0.650631
-0.789245 -0.487857 0.372945
0.674077 0.294064 0.677603
0.944626 -0.324142 0.0511149
0.475568 -0.763929 0.436174
-0.857486 0.395713 0.32883
0.245885 0.834813 0.492573
-0.78163 -0.197842 0.591534
-0.360099 0.925759 0.115325
-0.56364 -0.500171 0.657373
0.33307 -0.60003 0.727344
0.6479 -0.483038 0.588983
-0.457493 0.294714 0.838954
0.616481 0.729092 0.297281
-0.631232 0.499404 0.593416
0.0734269 -0.809109 0.583054
0.87478 -0.268628 0.403234
