-0.484684 0.714128 0.505077
-0.307628 0.106391 0.94554
0.122379 0.111537 0.986196
0.176876 0.905261 0.386286
-0.0905446 -0.176912 0.980053
-0.531884 -0.76021 0.373068
0.763428 0.516716 0.387533
0.586307 0.809107 0.0398756
-0.201006 -0.931356 0.303598
-0.934326 -0.200781 0.294486
0.18447 -0.392953 0.900866
0.085962 -0.991546 0.0971916
0.54516 0.206597 0.812477
0.529323 0.534934 0.658531
-0.763993 -0.49076 0.41889
-0.450675 -0.891323 0.0493531
-0.714453 0.658901 0.235385
0.769525 -0.388189 0.507091
-0.204011 -0.490144 0.847431
-0.0917849 0.391172 0.915729
0.252515 0.966715 0.0412073
-0.19821 0.669333 0.716035
0.425291 -0.891548 0.155786
-0.431546 0.411283 0.802879
-0.723424 -0.218536 0.654905
0.83426 0.550087 0.0376097
0.907738 -0.380693 0.176307
0.512169 -0.407558 0.756029
-0.700273 0.434279 0.566586
-0.622856 0.10932 0.774661
-0.994598 0.074288 0.0724923
-0.738267 -0.667817 0.0947758
-0.521169 -0.513407 0.68176
-0.10762 0.989758 0.0937964
0.653858 -0.679466 0.332861
0.942618 0.238442 0.233701
-0.437904 -0.219449 0.871827
0.156809 0.710092 0.686425
-0.894374 0.351491 0.276675
0.91824 -0.0848798 0.386822
-0.260635 -0.750433 0.607388
0.398092 -0.105144 0.9113
0.133325 -0.889238 0.437584
0.80142 0.205569 0.561664
-0.17842 0.884928 0.430196
0.0714826 -0.684563 0.72544
-0.437565 0.880492 0.182402
0.401485 -0.70348 0.586451
0.508507 0.768891 0.387592
-0.858743 0.0784526 0.506366
0.99734 -0.0623123 0.0378074
0.695559 -0.102721 0.711088
0.262529 0.41998 0.868732
