0.937464 -0.305348 0.167105
0.838172 -0.223085 0.497695
0.00352434 -0.328274 0.944576
0.758583 -0.541392 0.362556
-0.985311 -0.149785 0.0820194
0.59678 -0.371819 0.711059
-0.336078 -0.385729 0.859223
-0.0463407 -0.983184 0.176638
-0.234389 0.142919 0.96158
-0.200348 0.973676 0.108696
0.022208 0.924451 0.380655
-0.877202 -0.26705 0.399001
-0.700197 -0.58158 0.414113
0.468419 0.856515 0.216714
0.252532 -0.882581 0.396583
-0.536121 0.577717 0.615481
-0.924077 0.361927 0.122847
-0.935237 0.0844853 0.343794
0.0110645 0.715032 0.699004
0.257544 -0.55123 0.79361
0.311454 0.539628 0.782175
-0.522901 0.278418 0.805641
0.609325 -0.0266661 0.792472
0.969232 0.0398495 0.242902
-0.641088 -0.35478 0.680542
0.614924 0.379881 0.691057
-0.644036 -0.757813 0.104584
-0.498258 0.833001 0.240516
0.802749 -0.596134 0.0147507
-0.0888524 -0.625884 0.774838
-0.0839484 -0.858101 0.506572
-0.867852 -0.482753 0.117397
0.822698 0.126902 0.554134
0.314368 0.788245 0.529001
0.625721 0.638406 0.448232
-0.400092 -0.848778 0.345691
0.284739 -0.957238 0.0511773
0.0933493 0.0112064 0.99557
-0.253835 0.512445 0.820346
0.342162 -0.227482 0.911689
0.856986 0.39784 0.327566
-0.499877 -0.0709744 0.863183
-0.770067 -0.0270326 0.63739
0.74421 0.658088 0.114332
-0.281754 0.806119 0.520372
-0.428644 -0.643759 0.633907
-0.769675 0.317807 0.553714
0.371379 0.211783 0.904005
0.554634 -0.799703 0.229905
0.0468705 0.357349 0.932794
0.173495 0.982687 0.065002
0.490448 -0.672107 0.554736
-0.740454 0.588 0.325553
-0.353459 -0.935438 0.00476404
