0.429744 -0.473394 0.768907
-0.481674 -0.278675 0.830861
-0.707622 -0.395639 0.58544
0.483201 0.601978 0.635719
0.0014981 -0.838957 0.544195
0.489197 -0.137394 0.861283
-0.11753 -0.0531039 0.991648
0.342821 -0.749624 0.566161
0.870331 -0.393547 0.296048
-0.642046 0.285573 0.711495
-0.720371 -0.058541 0.691114
0.745916 0.00726014 0.666001
-0.698162 0.698041 0.159086
-0.436803 0.0656436 0.897159
-0.943043 -0.329259 0.0475188
-0.0489748 0.622368 0.781191
0.734412 0.596637 0.323519
0.983623 -0.175242 0.0421344
-0.261265 -0.662694 0.701839
0.927974 -0.0524756 0.368931
0.218152 0.059511 0.974099
-0.0478666 0.291561 0.955354
-0.8687 0.169547 0.465418
-0.16038 0.83693 0.523283
0.373057 -0.894803 0.245266
0.180289 -0.290281 0.939805
0.645802 -0.633953 0.425492
-0.155984 -0.39387 0.905834
-0.986682 0.0658729 0.148723
-0.56932 -0.807796 0.152774
-0.788505 -0.548942 0.277349
-0.538723 -0.68929 0.484413
-0.285865 -0.893728 0.345733
-0.252954 -0.967477 0.00157898
-0.3454 0.436282 0.830877
-0.411559 0.868415 0.27654
0.656056 -0.749152 0.0914437
0.865658 0.500543 0.00966336
0.102382 -0.605214 0.789452
0.330723 0.942371 0.0505926
0.715916 -0.340418 0.609573
-0.462181 0.664376 0.587362
-0.741815 0.499032 0.44797
0.910904 0.292022 0.291507
0.728239 0.351648 0.588227
0.45818 0.815009 0.354727
0.0307676 -0.976732 0.212247
0.0564243 0.9604 0.272853
0.251322 0.451566 0.856111
0.186148 0.793331 0.579633
-0.900951 0.408807 0.14548
-0.192641 0.981003 0.0228405
0.63738 0.770428 0.0136966
0.51209 0.214134 0.831812
-0.90704 -0.195665 0.37282
