0.996796 -0.070375 0.0380205
-0.987514 -0.157274 0.00897939
0.480877 -0.870931 0.101178
-0.888371 -0.371387 0.269942
0.648344 -0.0346846 0.760557
0.576628 0.761079 0.297084
-0.674494 -0.582901 0.453083
-0.50664 -0.454676 0.732521
-0.766555 -0.271032 0.582182
-0.66154 0.558976 0.49991
0.74592 -0.666036 0.000311869
0.801587 -0.258177 0.539262
0.766413 0.641716 0.0284994
0.362896 -0.785471 0.50134
-0.344464 0.13631 0.928851
-0.747607 -0.653518 0.118312
0.0704114 0.31358 0.946948
0.800967 0.491134 0.342402
0.955847 0.266864 0.123042
-0.183123 -0.581586 0.792606
0.320864 0.781602 0.534924
-0.326636 0.883168 0.336636
-0.478202 -0.848337 0.227261
-0.0370738 -0.0152374 0.999196
-0.0753695 -0.997004 0.0173646
0.263877 -0.582668 0.768679
0.929125 0.019727 0.36924
0.873035 -0.424565 0.239906
0.57924 -0.510601 0.635427
-0.234024 0.460276 0.856375
-0.562005 -0.114771 0.819133
-0.872995 0.308388 0.377859
0.5758 0.551924 0.603186
0.306515 0.0302056 0.951387
-0.266504 -0.268898 0.925564
0.0757462 -0.34055 0.93717
0.284167 0.934458 0.214563
0.771742 0.243258 0.58757
-0.0872267 0.990614 0.105243
0.280002 0.545562 0.789912
-0.779097 0.0763031 0.622243
-0.0240492 0.700659 0.71309
-0.625161 0.751667 0.210167
-0.158956 -0.923523 0.349053
0.0308075 -0.790794 0.611306
0.652759 -0.678323 0.337319
-0.980096 0.188358 0.0627151
-0.379331 -0.742669 0.551861
0.507922 0.28124 0.814198
0.0100514 0.90293 0.429669
0.176993 -0.950554 0.255187
0.425234 -0.285617 0.858836
-0.362782 0.690136 0.62618
-0.94264 -0.0314359 0.332329
-0.853247 0.512847 0.0946444
-0.574175 0.329772 0.749382
