-0.796374 -0.249808 0.550803
0.223345 0.785142 0.57764
-0.724459 0.0678292 0.685972
0.111567 0.31354 0.942998
-0.777838 -0.526941 0.342492
-0.953199 0.267738 0.140458
-0.116077 0.840215 0.529684
-0.796391 0.57285 0.193917
-0.603352 0.641092 0.474307
0.622829 -0.59294 0.510399
-0.437226 -0.895535 0.0827689
0.750271 0.0653582 0.657891
0.119275 -0.964555 0.235389
0.736471 -0.281967 0.614902
0.123701 0.94946 0.288485
-0.309668 -0.454184 0.835357
0.408768 -0.911195 0.0513065
0.449772 0.834209 0.319061
0.85159 -0.417663 0.316785
-0.536777 0.822935 0.18614
0.858328 0.294305 0.420306
-0.264781 -0.7303 0.629724
-0.558539 -0.214517 0.80126
-0.717872 -0.69475 0.044525
0.664518 -0.722456 0.190981
0.0573506 -0.832807 0.550584
0.288224 -0.37548 0.880876
-0.116517 0.0563312 0.99159
-0.0361918 -0.279895 0.959348
0.326685 -0.656188 0.680217
0.981043 0.138933 0.135103
-0.516663 -0.760803 0.392732
-0.806676 0.359719 0.46891
-0.582212 -0.515068 0.629074
-0.994394 -0.0713067 0.0780773
-0.227909 0.372089 0.899782
0.87481 0.46916 0.120817
-0.445291 0.101568 0.889606
0.435585 0.20858 0.875649
0.915889 -0.0849515 0.39234
0.633319 0.399008 0.663098
0.333189 0.526818 0.781951
0.354753 0.93496 0.00068975
0.0100932 -0.589183 0.807936
-0.337568 0.632087 0.697506
-0.916484 0.0380195 0.398261
-0.00211537 0.617367 0.786673
-0.912251 -0.407077 0.0456657
-0.215944 0.952089 0.216553
0.525451 -0.125042 0.841585
0.977128 -0.201819 0.067009
0.667392 0.741884 0.0647831
0.21609 -0.0419172 0.975473
-0.573909 0.379334 0.725765
0.400159 -0.829913 0.388737
0.697921 0.601565 0.388621
-0.207523 -0.916398 0.342271
