0.355042 0.03823 0.934068
-0.897151 0.158372 0.412356
-0.992262 -0.0641039 0.106334
-0.821573 0.570101 0.00142237
0.907334 0.347151 0.237132
0.445029 -0.890696 0.0927916
-0.629032 0.745909 0.218948
0.201299 -0.7378 0.644306
0.773169 0.626522 0.0983893
-0.423063 -0.523354 0.739675
0.9813 0.0188984 0.191554
-0.815418 0.477036 0.327917
0.491339 -0.562453 0.665006
0.643132 -0.0238065 0.765385
-0.182337 -0.36013 0.91491
-0.425476 0.453758 0.78299
0.308531 0.833613 0.458146
0.0891368 -0.167464 0.98184
-0.894102 -0.181245 0.409551
0.442454 0.600746 0.665837
0.163049 -0.47707 0.863608
-0.698897 -0.374006 0.609642
0.680587 0.597656 0.423802
0.53953 0.298824 0.787154
-0.101046 0.458155 0.88311
0.151739 0.970058 0.189638
0.712497 -0.578374 0.39728
-0.692177 -0.617699 0.373281
-0.218732 0.701799 0.677963
0.448184 -0.790595 0.417242
0.833973 -0.545696 0.0818858
-0.890255 -0.42235 0.170487
-0.229551 -0.028905 0.972867
-0.411915 -0.762516 0.498895
-0.723407 -0.689095 0.0427883
-0.700023 0.311402 0.642649
0.721591 -0.317954 0.614989
0.898442 -0.306655 0.314267
-0.581309 0.61765 0.529705
-0.735539 -0.0430422 0.676114
-0.0885502 -0.865908 0.492304
0.519589 0.832601 0.191839
-0.504254 0.131092 0.853547
-0.359965 0.841611 0.402637
-0.221744 0.967778 0.119309
0.119666 0.698275 0.705757
0.0458956 0.169317 0.984493
-0.107951 -0.649155 0.752957
-0.489107 -0.208063 0.847044
0.862105 -0.0287189 0.505915
0.236904 0.426852 0.872739
-0.467717 -0.86533 0.180126
0.172532 -0.941697 0.288858
0.781112 0.298269 0.548543
-0.0289171 0.885188 0.464335
-0.95708 0.273466 0.0959921
-0.145925 -0.973616 0.175436
0.44147 -0.283081 0.851451
