-0.205226 -0.0651393 0.976544
-0.16238 0.917105 0.364075
0.987323 -0.118779 0.105289
-0.226199 -0.643572 0.731197
0.679417 -0.110582 0.725372
-0.0983608 -0.385566 0.917422
0.506897 -0.562161 0.653476
0.758432 0.569369 0.317175
0.373355 0.395971 0.838935
0.174092 0.888832 0.423874
0.731554 -0.681229 0.0274971
0.764632 -0.374893 0.524208
-0.523802 -0.055614 0.850023
-0.649742 0.498743 0.573664
0.496532 0.783295 0.374037
0.577449 0.545479 0.607457
-0.928497 -0.0209912 0.370746
0.148657 -0.958644 0.242698
-0.435951 -0.385057 0.813436
0.966447 0.222749 0.127918
-0.429327 0.751264 0.50128
-0.132583 -0.989959 0.0490151
-0.0621321 0.757109 0.650328
0.634373 0.770671 0.0603024
-0.869248 -0.357477 0.341495
0.0609999 -0.788323 0.61223
-0.444629 -0.75024 0.489331
0.325539 0.937864 0.120149
-0.774337 0.171354 0.60913
0.898367 -0.0725278 0.433217
-0.981977 0.166807 0.0888578
0.659932 -0.65833 0.362064
-0.319091 0.560614 0.764129
-0.0081646 0.997613 0.068567
0.428424 0.0416556 0.902617
-0.655153 -0.492722 0.572713
-0.698157 -0.660331 0.27666
0.271141 0.681803 0.679431
0.650866 0.231133 0.723154
0.18838 -0.544702 0.817198
-0.867762 -0.496197 0.0278965
0.14093 -0.147772 0.978929
0.367505 -0.808418 0.459784
-0.758885 -0.170665 0.628464
-0.873186 0.486927 0.0211568
-0.982024 -0.17555 0.0693564
-0.201998 0.275779 0.939757
0.468741 -0.872731 0.136462
0.423421 -0.297972 0.855528
0.0392365 0.506527 0.861331
-0.699994 0.659167 0.274786
0.129653 0.194889 0.972218
0.879801 -0.428531 0.205699
-0.449751 0.874434 0.181904
0.852979 0.267025 0.44847
-0.433918 -0.884034 0.173778
-0.517933 0.284503 0.806724
-0.161241 -0.910278 0.381308
-0.865286 0.366366 0.342133
