-0.699722 0.2031 0.684937
0.340905 0.88126 0.327361
0.874566 -0.295466 0.384493
-0.373714 -0.927413 0.0156016
0.995412 -0.0900469 0.0323525
0.631925 0.728769 0.263755
0.782859 -0.0737797 0.61781
-0.591696 -0.351137 0.725671
-0.255117 -0.586667 0.768594
0.432756 0.435466 0.789361
0.0153516 0.953795 0.300064
-0.760687 0.450192 0.467635
0.29698 0.169141 0.939784
0.595398 0.142998 0.790603
-0.198878 0.0172995 0.979871
-0.316095 -0.286907 0.904305
0.835967 0.46497 0.291482
0.0291157 0.801257 0.597611
0.31937 -0.444196 0.837074
-0.515394 0.51299 0.686448
0.46678 0.884204 0.0172986
-0.573329 0.717806 0.395031
0.908842 -0.410838 0.0722333
0.720934 -0.676473 0.150465
0.112244 -0.105696 0.988043
0.7975 0.253109 0.547659
-0.895702 0.147813 0.419368
0.471112 -0.82256 0.318511
0.175338 -0.865601 0.469033
-0.783898 -0.417227 0.45981
-0.5364 -0.0426017 0.842888
-0.67975 -0.678513 0.278496
-0.791061 -0.112895 0.60123
-0.498302 0.866913 0.0124947
0.939618 0.0298969 0.340917
0.967388 0.239754 0.0817252
0.613181 -0.347257 0.709522
-0.402492 0.262179 0.877076
-0.315352 0.903477 0.290314
-0.518914 -0.637824 0.56913
-0.144805 -0.819289 0.554795
0.220938 -0.964123 0.14715
0.124266 0.565559 0.815292
-0.994764 0.0710814 0.0734324
-0.00493733 -0.409834 0.912147
-0.0129176 0.294464 0.955575
-0.209501 0.529922 0.821762
0.686469 -0.560986 0.462661
-0.938164 -0.163804 0.304985
0.410166 -0.675422 0.612837
0.431644 -0.133489 0.892112
-0.301554 0.750738 0.587757
-0.881845 -0.449991 0.140921
0.635096 0.54571 0.546675
-0.399775 -0.851069 0.340385
0.0978415 -0.673151 0.733004
-0.742334 0.660619 0.111908
0.350088 0.707891 0.613456
-0.908956 0.37768 0.176516
-0.0954712 -0.961922 0.256109
