-0.699722 0.684937 0.2031
-0.509648 -0.858723 0.0534262
0.340905 0.327361 0.88126
-0.328536 -0.778794 0.534363
0.592031 -0.725307 0.351325
0.791293 -0.00609586 0.611406
0.631925 0.263755 0.728769
0.432756 0.789361 0.435466
0.0153516 0.300064 0.953795
0.457028 -0.549161 0.699676
-0.95506 -0.244569 0.167468
-0.760687 0.467635 0.450192
0.29698 0.939784 0.169141
0.0956271 -0.995368 0.00994416
0.595398 0.790603 0.142998
0.312541 -0.793413 0.522317
-0.198878 0.979871 0.0172995
0.835967 0.291482 0.46497
0.901031 -0.216785 0.375696
-0.752257 -0.45507 0.476467
0.0291157 0.597611 0.801257
-0.515394 0.686448 0.51299
0.149618 -0.00447372 0.988734
0.46678 0.0172986 0.884204
-0.573329 0.395031 0.717806
0.31725 -0.28189 0.905478
0.7975 0.547659 0.253109
-0.0144978 -0.294234 0.955623
-0.895702 0.419368 0.147813
-0.657664 -0.239138 0.714347
0.630023 -0.776243 0.0227617
0.821676 -0.532855 0.202271
-0.599048 -0.722277 0.345628
-0.498302 0.0124947 0.866913
-0.00609662 -0.781479 0.623902
-0.189592 -0.56591 0.802372
0.939618 0.340917 0.0298969
0.967388 0.0817252 0.239754
-0.402492 0.877076 0.262179
-0.500293 -0.532761 0.682548
-0.315352 0.290314 0.903477
-0.869076 -0.141479 0.474015
-0.249588 -0.93566 0.249491
0.961706 -0.269333 0.0508128
-0.348235 -0.285494 0.892875
0.124266 0.815292 0.565559
-0.994764 0.0734324 0.0710814
0.368796 -0.910936 0.184894
-0.0129176 0.955575 0.294464
-0.209501 0.821762 0.529922
0.721895 -0.46329 0.514034
0.0729014 -0.938008 0.338859
-0.301554 0.587757 0.750738
-0.184965 -0.00753149 0.982716
-0.819203 -0.550342 0.161341
0.635096 0.546675 0.54571
-0.742334 0.111908 0.660619
0.611893 -0.252519 0.749547
0.144468 -0.555161 0.8191
0.350088 0.613456 0.707891
-0.908956 0.176516 0.37768
