0.532699 -0.376697 0.757846
-0.452238 -0.891896 0.00155996
-0.865483 0.25646 0.430311
-0.715024 0.551737 0.429333
-0.862468 -0.432495 0.262864
0.155209 -0.787883 0.595945
0.595182 0.479548 0.64482
-0.877888 0.45186 0.158542
-0.375196 0.440984 0.815329
-0.762151 0.023909 0.646958
-0.176372 -0.969914 0.167809
-0.145813 -0.864738 0.48059
0.271226 0.535563 0.799755
0.964408 -0.2643 0.00795645
-0.0855403 -0.636747 0.766314
0.957344 0.244403 0.154143
-0.325724 0.931032 0.164569
-0.653079 -0.610548 0.448016
0.720938 -0.475884 0.503768
0.137196 0.273506 0.952036
0.0309953 -0.0369105 0.998838
-0.765462 -0.319121 0.558776
0.452907 0.263327 0.851783
-0.0560152 0.522901 0.850551
0.654573 0.660911 0.367057
-0.56925 -0.199539 0.797583
0.283291 -0.239964 0.928528
-0.656669 0.336842 0.674776
0.203579 0.910885 0.358949
-0.00415755 0.993439 0.11429
-0.693851 -0.707585 0.133772
0.833449 -0.529907 0.156719
0.906068 -0.259588 0.334149
0.124034 -0.944126 0.305354
0.614675 -0.724433 0.312042
-0.187765 0.20894 0.959734
-0.336014 -0.431625 0.837135
-0.980159 0.137004 0.143245
-0.121262 0.897856 0.423262
0.718309 0.173236 0.673811
-0.381626 -0.681571 0.624358
0.609237 0.790307 0.0651519
-0.979268 -0.19049 0.0689087
0.393887 0.728803 0.560088
-0.921223 -0.0884957 0.378837
-0.254319 0.70734 0.659539
-0.471398 0.776153 0.418772
0.821755 0.380525 0.424169
-0.284963 -0.124403 0.950432
-0.439738 -0.83519 0.330285
0.45977 -0.657237 0.597203
-0.680865 0.717976 0.144683
0.229893 -0.543694 0.807184
0.403615 -0.905404 0.131679
0.543085 -0.0552661 0.837857
0.829843 0.547075 0.109862
-0.491659 0.119289 0.862579
0.0734088 0.755758 0.650724
0.317577 0.946921 0.0498639
-0.0267804 -0.356861 0.933773
0.903778 0.0594341 0.423855
0.76585 -0.168961 0.620424
