-0.43927 0.285428 0.851806
-0.145558 -0.297932 0.943424
0.896476 -0.424763 0.126122
0.75845 -0.149656 0.634316
-0.452516 0.574504 0.682037
0.52306 -0.852156 0.0154121
0.0950285 0.316261 0.943901
-0.11959 -0.990362 0.0698678
-0.578245 0.800638 0.156879
0.40667 0.373636 0.833676
0.131784 0.608222 0.782751
-0.81554 0.568336 0.109036
-0.137337 0.752662 0.643924
0.967728 0.161229 0.193666
-0.84427 0.0621723 0.5323
0.50021 -0.196607 0.843289
-0.916097 -0.395946 0.0631822
-0.86966 0.344789 0.353289
0.612411 0.113645 0.782328
-0.788812 -0.501733 0.35502
0.55 -0.64105 0.535308
-0.578159 -0.537738 0.613653
-0.671306 0.60468 0.428614
0.191106 0.961558 0.197193
0.886992 0.461759 0.00487737
0.467991 0.883481 0.02112
0.835582 0.435138 0.335347
-0.624255 0.0146128 0.781084
-0.749204 -0.24911 0.613708
0.789217 -0.424248 0.444016
-0.69061 0.342457 0.637009
0.215554 -0.973839 0.0719365
-0.287731 -0.554627 0.780769
0.0438734 -0.551794 0.832826
-0.561426 -0.748419 0.353086
-0.922947 -0.195087 0.331828
0.188801 -0.270257 0.944095
0.3715 -0.500333 0.782084
0.702831 0.691939 0.165076
-0.00229283 0.000122095 0.999997
-0.332344 -0.0192349 0.942962
0.430623 0.642253 0.634094
-0.100258 0.927543 0.360016
-0.98203 0.0903426 0.165694
-0.175354 0.492575 0.852421
0.243258 -0.756357 0.607248
0.321406 0.0686428 0.94445
0.992327 -0.122556 0.0163685
0.700324 -0.673296 0.237106
-0.440984 -0.894291 0.0759994
0.928598 -0.135374 0.345513
-0.288801 0.95372 0.0837402
-0.732623 -0.676642 0.0736192
-0.489631 -0.289916 0.82232
0.848964 0.147458 0.50746
0.399054 -0.856576 0.32716
0.667836 0.404747 0.62464
0.170654 0.828998 0.532578
-0.400795 0.802713 0.441605
-0.260251 -0.896114 0.359512
0.0737461 -0.925262 0.372091
0.453737 0.819462 0.350149
-0.091246 -0.776484 0.623496
