0.236527 0.969525 0.0638447
0.19784 0.897889 0.393261
-0.352176 -0.821551 0.44836
0.532625 -0.83609 0.131392
-0.955238 -0.111947 0.273839
0.84068 0.347315 0.415488
-0.840589 -0.402619 0.362364
0.98453 -0.10615 0.139401
-0.173508 0.645147 0.744097
-0.43205 -0.600702 0.672674
-0.651207 0.200071 0.732053
-0.773544 -0.620119 0.130697
-0.8171 -0.101121 0.567559
-0.235344 -0.961841 0.139551
0.238724 -0.0160123 0.970956
-0.965037 0.19669 0.173252
0.405125 -0.580824 0.706057
0.343918 0.521257 0.781032
0.167497 0.299264 0.939354
-0.529669 -0.829636 0.17651
0.848039 0.518713 0.10847
-0.0770894 0.0641518 0.994958
-0.590098 -0.111662 0.799572
0.514992 -0.735787 0.439774
0.685563 0.628546 0.367332
0.128506 0.735145 0.665618
0.965145 0.217989 0.144832
-0.681744 0.472756 0.558325
-0.669273 -0.381711 0.637472
-0.148393 0.371158 0.916636
0.100942 -0.562742 0.820446
-0.1229 0.857168 0.500159
-0.133969 -0.7296 0.670624
0.728402 0.147614 0.669059
0.272837 -0.910186 0.311644
0.754 -0.600362 0.266551
-0.0453699 -0.915867 0.39891
0.757216 -0.173795 0.629618
-0.384993 0.148766 0.910851
-0.593319 0.804708 0.0204424
-0.93544 -0.349455 0.0532276
-0.055398 0.976992 0.205954
-0.634856 -0.646436 0.423177
0.676372 -0.480192 0.558512
-0.381801 0.872574 0.304701
-0.301587 -0.163816 0.93926
0.315216 -0.328882 0.890211
0.528762 -0.0885773 0.844136
0.905285 0.029151 0.423804
-0.44195 0.44385 0.779537
0.472372 0.231189 0.850539
-0.852638 0.500497 0.150036
0.910195 -0.41061 0.0542582
0.428333 0.723504 0.541363
-0.853203 0.208927 0.477906
-0.205784 -0.464222 0.861482
0.876728 -0.315568 0.362994
-0.649917 0.689862 0.318902
0.0108396 -0.24739 0.968855
0.479054 0.844372 0.23988
-0.442999 0.692651 0.569199
0.0790592 -0.99474 0.065125
0.625751 0.453777 0.634446
0.177205 -0.783848 0.595131
