0.703852 0.0523827 0.708413
0.412067 0.787163 0.458884
0.169945 -0.789111 0.590273
-0.993232 0.0453216 0.106935
-0.798282 -0.260412 0.543075
-0.643976 0.519635 0.561493
-0.0323773 -0.997552 0.0619805
-0.346644 -0.253945 0.902967
0.451663 -0.773573 0.444506
0.830895 0.484998 0.272747
0.640574 0.572935 0.511284
-0.533379 0.32052 0.782799
-0.262566 -0.5418 0.798444
-0.409922 0.0571762 0.910327
-0.931628 -0.266049 0.247563
0.589199 0.347803 0.7293
-0.706173 -0.548853 0.447303
0.913877 -0.402958 0.0495283
-0.108314 0.754939 0.646788
0.199455 -0.0749451 0.977037
-0.550789 -0.446495 0.705176
-0.602978 -0.762109 0.235814
0.0513798 -0.589001 0.806497
0.811624 0.278693 0.513416
0.636612 0.73372 0.237446
-0.911525 0.00537388 0.41121
-0.198894 0.903738 0.379076
0.757326 -0.61043 0.232016
0.111851 0.889503 0.443029
-0.110753 -0.00903138 0.993807
0.732818 -0.25428 0.631125
0.542451 -0.82748 0.144996
-0.146245 -0.774157 0.615868
-0.308149 0.544393 0.78018
-0.745154 0.120786 0.655863
0.510549 -0.171943 0.842482
-0.196797 0.29119 0.936205
-0.765184 0.582258 0.274715
-0.822331 -0.548406 0.151733
-0.448946 -0.704206 0.550038
0.395214 -0.594265 0.700468
-0.00310394 0.989728 0.142929
-0.615487 -0.143514 0.774971
0.951103 0.192731 0.241367
0.203268 0.702036 0.682515
-0.408703 0.732284 0.544722
-0.314395 0.945371 0.0861927
-0.926694 0.355487 0.121928
0.655027 -0.543346 0.525085
0.427505 0.13012 0.894599
0.979649 -0.114215 0.165054
0.268317 -0.372077 0.888575
-0.847214 0.315965 0.427076
-0.0382904 -0.314872 0.948361
-0.41389 -0.910129 0.0189813
-0.325144 -0.888737 0.323154
0.253299 -0.946288 0.200946
0.886987 -0.0275365 0.460972
-0.0138052 -0.928219 0.371778
0.307098 0.931261 0.196069
0.113476 0.230586 0.966413
-0.536369 0.802139 0.262452
0.308421 0.446922 0.839724
0.000767373 0.524849 0.851195
0.869237 -0.341164 0.357819
