-0.978961 0.202057 0.0284182
0.377094 0.84113 0.387686
-0.422166 0.900974 0.100106
0.538284 -0.636368 0.552527
0.912051 0.182005 0.367474
0.284748 0.696955 0.658158
0.331455 -0.0837838 0.939743
0.0746792 0.869185 0.488815
-0.868723 0.46119 0.180622
0.426819 0.441737 0.78911
0.962284 0.264802 0.062367
0.188476 -0.641595 0.743527
-0.861338 0.264991 0.433447
0.524847 -0.803813 0.280038
0.829647 0.555927 0.0512932
0.990584 -0.0471097 0.128545
-0.417238 -0.520347 0.745085
0.0281733 -0.000681522 0.999603
0.690691 0.350539 0.63251
0.920427 -0.358171 0.156611
-0.0963107 0.290372 0.952055
-0.703725 0.560799 0.436206
-0.291966 0.0370441 0.955711
-0.146452 -0.2649 0.95309
-0.872721 -0.279757 0.400118
-0.371627 -0.760179 0.532936
-0.469347 0.596215 0.651338
0.78017 0.0433079 0.624066
-0.109089 -0.555561 0.824289
-0.0624862 -0.789392 0.610701
0.276536 -0.950572 0.141212
0.724 -0.376864 0.577752
-0.679424 0.717768 0.152289
-0.805616 -0.00722181 0.592394
0.752467 -0.57402 0.322946
-0.960446 0.00303268 0.278449
-0.176767 0.936602 0.302539
0.598459 -0.166387 0.783685
0.536781 0.144088 0.831327
-0.568848 -0.775645 0.273472
-0.40063 0.321804 0.857869
-0.19191 0.559036 0.806628
-0.65961 0.339506 0.67056
-0.0705191 -0.996562 0.0434873
0.569762 0.628462 0.529534
-0.451191 -0.224938 0.863614
0.706722 -0.706615 0.0352052
-0.799434 -0.549172 0.243549
0.120508 0.974365 0.189974
-0.633427 -0.576773 0.515852
-0.283261 -0.920205 0.270158
-0.479228 0.78484 0.392896
-0.219911 0.783947 0.580574
0.159623 -0.353267 0.921804
0.637216 0.734 0.234948
0.283007 -0.821002 0.495846
0.798736 0.481317 0.361046
-0.582098 0.0623513 0.810724
-0.961588 -0.258133 0.0933545
0.0279736 -0.939068 0.34259
0.896613 -0.165151 0.410865
0.119987 0.505273 0.854577
0.435037 -0.441635 0.784666
-0.688652 -0.297086 0.661437
0.247682 0.225157 0.942315
0.412366 0.907793 0.0765902
