-0.114271 -0.641262 0.758765
-0.342234 0.288623 0.894188
-0.98701 -0.0586902 0.149552
-0.379464 0.582657 0.718692
0.64579 0.441204 0.623133
0.891293 -0.0226044 0.452865
0.564525 0.802179 0.194474
0.965474 -0.179288 0.188988
0.72408 -0.183215 0.664936
-0.34308 -0.869863 0.354449
0.177531 0.384329 0.905966
0.18718 0.784465 0.591251
0.367091 0.570491 0.7347
-0.0797401 -0.847715 0.524425
-0.599788 0.760422 0.249022
0.726379 0.587357 0.35691
0.837608 -0.346934 0.421959
-0.0311385 0.913471 0.405711
-0.923495 -0.364848 0.118507
-0.516445 -0.246573 0.820052
0.691449 -0.720156 0.057219
0.354521 -0.501288 0.789319
-0.814459 0.531562 0.232591
-0.408109 -0.531147 0.742516
-0.282825 -0.0285143 0.958748
0.173457 -0.726152 0.665294
0.452491 -0.723859 0.520845
0.255988 0.085441 0.962897
0.850813 0.307289 0.426251
-0.553739 0.0652567 0.830129
-0.872258 -0.264013 0.411658
-0.331602 -0.942152 0.0488789
0.529692 -0.0175991 0.848008
0.283632 0.905524 0.315562
-0.94834 0.2497 0.195707
0.0695303 -0.429415 0.900427
-0.597016 0.355938 0.718944
-0.375491 0.79081 0.483348
-0.618294 0.593866 0.514817
-0.117555 0.744842 0.656803
0.221623 -0.971807 0.0804607
-0.747015 -0.110525 0.655556
0.80581 0.589806 0.052911
-0.111338 0.498891 0.859483
0.197036 -0.901346 0.385684
-0.80509 0.34311 0.483845
-0.900548 0.0482584 0.43207
0.468665 0.290327 0.834304
0.73114 0.142043 0.667277
-0.283174 0.933691 0.219165
-0.677746 -0.413318 0.608135
0.0169363 -0.116236 0.993077
-0.22985 -0.334947 0.913772
0.467992 -0.852079 0.234402
0.304833 -0.222751 0.925991
-0.070096 -0.969483 0.234925
-0.771026 -0.549343 0.322088
0.69884 -0.620834 0.35523
0.620043 -0.476741 0.623109
0.869918 -0.473963 0.136389
-0.0569948 0.188891 0.980343
0.349006 0.937069 0.00984763
0.971861 0.134833 0.193148
0.478856 0.729773 0.487985
-0.597411 -0.778011 0.19442
-0.543537 -0.675387 0.498417
0.0578894 0.991711 0.114708
