0.386512 -0.669438 0.634398
0.811621 0.475666 0.339135
0.330384 0.883282 0.332656
0.379945 0.708088 0.595192
0.46104 -0.0942804 0.882357
-0.707353 -0.211525 0.67447
0.0521058 -0.00026622 0.998642
0.974006 -0.177056 0.141289
0.888253 -0.459006 0.0178992
0.947891 0.159934 0.275542
0.645647 -0.612157 0.456513
-0.753828 0.103529 0.648864
0.852868 -0.404094 0.330641
0.355535 0.470621 0.807534
0.801705 0.235353 0.549434
-0.100595 -0.927427 0.360221
-0.717568 0.409276 0.56355
0.0924105 0.83621 0.540568
-0.898055 0.218139 0.381985
0.206498 0.976985 0.0534663
-0.591823 0.70984 0.381933
-0.815836 0.508132 0.276068
-0.216773 0.775311 0.593213
-0.471507 0.592139 0.653493
-0.892332 -0.0957841 0.4411
-0.387336 -0.894509 0.223214
-0.231678 0.972405 0.0274633
-0.218287 0.511738 0.830948
-0.290692 -0.580706 0.760447
-0.254464 0.214715 0.942945
-0.940104 0.339072 0.0351307
-0.0833476 -0.995339 0.0485075
0.203923 -0.2751 0.93954
-0.0969983 -0.382159 0.918992
0.890782 -0.106925 0.441673
-0.0261904 0.961974 0.271883
0.713976 -0.341206 0.611406
-0.529279 -0.00521306 0.848432
-0.618501 -0.785144 0.0317018
0.458141 -0.401518 0.793026
-0.521325 0.309708 0.795174
0.91981 0.388998 0.0512828
0.578779 0.243966 0.778136
0.0354527 0.348811 0.936522
-0.809392 -0.564507 0.161911
-0.94394 -0.275425 0.181985
0.715047 -0.0337492 0.698261
-0.247962 -0.10407 0.963164
-0.802929 -0.404132 0.438159
0.076418 0.623299 0.778241
-0.0486048 -0.757892 0.650567
-0.575165 -0.527821 0.624972
0.466086 -0.829868 0.306731
-0.338629 -0.784671 0.519251
-0.451181 -0.314725 0.835095
0.14465 -0.562785 0.813848
0.307262 0.180914 0.93427
0.749132 0.657338 0.0818995
-0.334 0.887337 0.317926
0.710078 -0.687353 0.152755
0.600464 0.714621 0.358832
0.211856 -0.96304 0.166349
0.192659 -0.862016 0.46884
-0.990231 0.0393502 0.133766
0.624954 0.503046 0.596973
-0.606311 -0.70767 0.362753
0.504285 0.861434 0.0602317
-0.549359 0.830856 0.0887857
