-0.879061 -0.344894 0.32909
0.912675 -0.176504 0.368607
-0.288379 0.722093 0.628824
-0.497833 0.161882 0.852031
-0.531844 -0.147629 0.833875
-0.288912 -0.943348 0.163171
0.529678 0.159792 0.833011
0.014423 0.0900106 0.995836
-0.273458 -0.0250491 0.961558
-0.112651 0.554472 0.824543
0.238061 -0.843367 0.481725
-0.52591 -0.440747 0.727435
0.98862 -0.133602 0.0691493
-0.93935 0.212598 0.269115
0.731412 0.331542 0.595916
0.258061 -0.64355 0.720589
0.198696 0.557345 0.806155
-0.00773052 -0.22043 0.975372
-0.751766 -0.264551 0.604037
0.483781 0.818253 0.310513
0.483569 -0.836264 0.258503
0.894695 -0.41559 0.163723
-0.525722 0.850575 0.0117979
0.887992 0.459633 0.0144225
0.20433 -0.959446 0.1942
-0.544911 -0.838272 0.019274
0.903878 0.13295 0.406607
-0.22216 0.28329 0.932948
0.197223 0.889695 0.411759
-0.920607 -0.389917 0.0211394
-0.667362 0.34168 0.661727
0.845 0.427225 0.321643
-0.771791 -0.60749 0.187869
-0.017873 -0.766154 0.642409
-0.545309 -0.772975 0.324265
0.271185 -0.338583 0.901011
0.279133 0.953031 0.117543
-0.26233 -0.605817 0.751111
0.487204 0.455936 0.744819
-0.687334 -0.543967 0.481323
0.752695 0.0265883 0.657832
-0.053403 -0.928632 0.367138
-0.87812 0.467762 0.100516
-0.569235 0.614354 0.546388
-0.138766 0.897455 0.418711
0.0135138 -0.509561 0.860328
0.723726 -0.675486 0.141207
-0.731367 0.0370231 0.680978
-0.444359 0.823824 0.351936
-0.299255 -0.804303 0.513365
-0.288566 -0.33196 0.898071
0.298227 -0.0323965 0.953945
0.372515 0.710342 0.5972
0.510759 -0.447873 0.73385
0.50164 -0.683735 0.529965
-0.794833 0.45559 0.400846
0.255565 0.275375 0.926744
-0.260298 0.955698 0.137427
0.743718 -0.525088 0.413721
0.978601 0.175852 0.106842
0.0309793 0.764385 0.644016
-0.8999 -0.0496677 0.433259
-0.984397 -0.10818 0.138777
0.721199 0.671108 0.171718
0.553329 -0.150905 0.819179
0.639381 0.604176 0.475567
-0.410939 0.476613 0.777154
-0.691883 0.687805 0.219595
0.742424 -0.281149 0.60808
