-0.733677 0.55161 0.396794
-0.103268 -0.160839 0.981563
0.0343674 -0.833868 0.550893
0.362625 0.927512 0.0906929
-0.856728 -0.246655 0.452966
-0.271724 -0.809801 0.519989
-0.686364 -0.165206 0.708245
0.027832 -0.428897 0.902925
0.996716 -0.0393389 0.0707787
-0.213043 -0.976966 0.0122427
-0.668238 0.728186 0.152325
0.240359 0.763999 0.598776
0.198181 0.363167 0.910403
-0.648711 -0.746918 0.145906
0.0332769 0.115669 0.99273
-0.360772 0.788853 0.497549
0.848642 0.115271 0.516255
-0.962539 -0.021582 0.270284
-0.837787 0.047616 0.543917
-0.862744 0.490386 0.123263
-0.561409 -0.701851 0.438435
-0.064989 0.807002 0.586961
0.212674 -0.939004 0.270262
-0.0946253 -0.950498 0.295973
0.780078 -0.586458 0.218047
0.0551888 0.609218 0.79108
0.645801 0.117144 0.754466
-0.78678 -0.529942 0.316447
-0.392343 -0.886197 0.246419
0.517653 -0.151586 0.842055
-0.531212 0.567451 0.629137
-0.109904 0.381252 0.917915
-0.891182 0.285666 0.352407
0.482393 0.376457 0.790934
0.208654 -0.137064 0.968337
-0.277526 -0.392922 0.876694
-0.975698 0.209047 0.0656791
0.96294 0.26618 0.0435167
-0.723414 0.326948 0.608094
0.380426 0.11425 0.917727
0.706973 0.61319 0.352401
-0.272851 0.121727 0.954324
0.467367 0.807508 0.359858
0.875838 0.35631 0.325502
0.835435 0.547037 0.0528987
0.924948 -0.136384 0.354782
0.190079 -0.645618 0.739626
0.181653 0.922496 0.340593
-0.415395 -0.594724 0.688295
0.71339 0.38361 0.586446
-0.118304 -0.652534 0.748468
0.0627679 0.99588 0.0654436
-0.438808 -0.130129 0.889109
-0.410252 0.887624 0.209325
-0.591458 0.121776 0.797087
-0.125372 0.940627 0.315439
-0.937113 -0.309311 0.161695
0.592648 -0.411003 0.692708
0.337281 -0.790901 0.510605
-0.411173 0.369595 0.833268
0.507666 -0.822855 0.255313
-0.24992 0.617683 0.745659
0.752272 -0.149727 0.641615
0.628637 0.771338 0.0992631
0.602672 -0.636088 0.481848
0.933677 -0.337354 0.120168
-0.669836 -0.45001 0.590602
0.331159 -0.397049 0.855971
0.794848 -0.395627 0.460104
0.511527 0.616711 0.598338
