0.39188 -0.549474 0.737909
-0.319292 0.0621883 0.945614
0.796703 0.598446 0.0844214
-0.359538 0.717218 0.596934
-0.209472 0.350267 0.912926
-0.650293 -0.299573 0.698122
0.936514 0.0996282 0.336177
0.29842 0.936532 0.183993
0.431753 -0.267987 0.861262
-0.432305 -0.895925 0.102136
0.573411 0.811074 0.115579
0.806789 -0.429118 0.40614
-0.966781 -0.25117 0.0474054
-0.0976488 -0.994946 0.0233977
-0.843665 -0.50339 0.186621
0.278896 0.190439 0.941249
-0.828807 -0.335987 0.447428
0.314237 -0.778197 0.54375
0.119257 -0.96282 0.242396
-0.726971 0.678008 0.10871
0.655645 -0.0846802 0.750306
-0.572301 0.730804 0.372017
0.668811 0.649295 0.362088
-0.777951 0.499165 0.381611
-0.635463 -0.564985 0.526288
-0.636548 -0.725632 0.261275
-0.198086 0.978623 0.0553072
0.586885 -0.637982 0.498544
0.784493 0.154166 0.600669
0.171472 0.672071 0.720359
-0.415757 -0.776907 0.472823
-0.289005 0.890973 0.350205
-0.90051 0.421251 0.107842
-0.595423 -0.00824728 0.80337
0.998821 0.0241147 0.0421429
0.0891836 0.431581 0.897655
-0.10787 -0.176706 0.978335
0.00686547 0.957954 0.286841
0.672942 -0.709401 0.209521
-0.988514 0.124988 0.0849583
0.642192 -0.382161 0.664487
-0.426654 -0.508199 0.748131
-0.482811 0.868865 0.109393
-0.202725 -0.929687 0.307547
-0.197332 -0.705454 0.680731
0.193746 -0.105579 0.975354
0.865599 -0.488992 0.107816
0.948612 -0.21679 0.230516
0.15625 -0.404147 0.90125
-0.0184076 0.119659 0.992644
-0.49762 0.285398 0.819099
0.652814 0.433973 0.620887
0.0159625 -0.857159 0.514805
-0.588632 0.51065 0.626696
0.382385 0.45996 0.801385
0.103891 -0.663912 0.740559
-0.947333 -0.0855424 0.308613
-0.398713 -0.232606 0.887086
0.414237 -0.870626 0.265366
-0.0678345 0.82725 0.557723
-0.128142 0.616541 0.776825
0.839487 0.39107 0.377262
0.941377 0.324496 0.0922586
-0.146174 -0.465577 0.872852
-0.809114 -0.0588413 0.584699
0.556967 0.203937 0.805107
0.229536 0.850314 0.473582
-0.903992 0.216341 0.368774
0.455449 0.670322 0.585862
-0.738777 0.239566 0.629934
0.847208 -0.138847 0.512797
