0.997332 -0.0234455 0.0691254
0.215185 0.886713 0.40919
-0.510193 -0.302697 0.805033
0.0208036 0.782579 0.622204
0.105648 0.563573 0.819283
-0.66077 0.705597 0.255962
0.941023 -0.323251 0.0999256
-0.439696 -0.734123 0.517427
0.410623 0.144816 0.900232
-0.282092 0.76595 0.577706
0.384833 0.909902 0.154859
0.771446 -0.230898 0.592922
0.315268 0.699378 0.641465
0.629331 0.272841 0.727667
-0.494558 0.86892 0.0197693
0.385051 0.43751 0.812602
-0.622018 -0.502147 0.600784
-0.154427 -0.764771 0.625522
0.646263 0.750736 0.136892
0.440743 -0.657074 0.611554
-0.371471 0.535169 0.758685
-0.215018 -0.907443 0.360992
-0.92865 0.223085 0.296383
0.0781633 -0.307769 0.948245
-0.701099 -0.712627 0.0249477
0.579347 0.548439 0.602969
-0.0441655 -0.561184 0.826512
0.384956 -0.843488 0.374615
0.0876601 0.985051 0.148289
0.14842 -0.734316 0.662383
0.639116 -0.669741 0.378123
-0.402304 0.860686 0.312043
0.16415 -0.0159468 0.986307
-0.992719 -0.0223848 0.118356
-0.214317 0.971945 0.0969036
0.832076 0.066657 0.550641
0.79454 0.364006 0.486011
0.941109 0.196664 0.275021
-0.486334 -0.841808 0.234176
-0.698438 -0.638839 0.322598
-0.106136 0.919325 0.378915
0.826109 0.517684 0.222593
-0.138873 0.40013 0.905875
-0.806383 0.157975 0.569904
-0.225861 -0.331076 0.916175
-0.617341 0.0487908 0.785181
-0.400496 0.241797 0.88382
0.0871641 -0.905669 0.414929
-0.0194589 -0.989994 0.139758
-0.829253 -0.376658 0.412878
-0.616172 0.359803 0.700624
0.279451 -0.500016 0.819689
-0.776534 0.439287 0.451688
-0.117423 0.105369 0.987476
0.396413 -0.195349 0.897048
0.558887 -0.820038 0.123218
-0.743597 -0.190481 0.640922
0.554642 -0.398453 0.730485
0.497554 0.767348 0.404496
0.928315 -0.139154 0.344771
0.629876 -0.0299037 0.77612
-0.368594 -0.0599704 0.927654
-0.349746 -0.55855 0.75213
0.827034 -0.427858 0.364626
0.143266 0.287408 0.947033
-0.869631 -0.477326 0.126107
-0.556288 0.635411 0.535534
-0.909568 -0.0808127 0.407621
0.941269 0.337646 0.0027592
0.787376 -0.605144 0.117645
-0.856974 0.489834 0.160181
0.283141 -0.953092 0.10699
