0.828188 -0.314182 0.464106
0.998559 -0.0517441 0.0141962
0.617335 -0.779212 0.108293
0.457268 0.760012 0.461831
-0.349226 0.854716 0.384059
-0.675691 -0.0972079 0.730748
-0.482983 0.0926704 0.870712
0.728607 0.251958 0.636906
0.618125 0.530135 0.580412
-0.785833 -0.305501 0.537713
-0.201135 -0.0376601 0.978839
0.0639294 -0.960398 0.271198
-0.437554 0.664927 0.605325
0.94293 -0.0641469 0.326753
0.392485 -0.178904 0.902191
-0.893067 -0.44407 0.0723465
-0.973954 0.0675152 0.216459
-0.861092 0.280435 0.424118
0.534329 -0.744987 0.399358
0.802083 -0.0407764 0.595818
0.239424 0.927709 0.286412
-0.924104 0.357071 0.136131
-0.678757 -0.724593 0.119391
-0.426395 -0.894505 0.134342
0.355673 -0.913564 0.197223
-0.932091 -0.226911 0.282345
-0.0541106 0.928346 0.367758
-0.32123 -0.729944 0.603318
0.490189 0.354902 0.79609
0.102356 -0.137492 0.9852
-0.153954 0.775874 0.611815
0.0571794 0.629172 0.77516
-0.614476 0.701933 0.360153
0.826808 -0.562407 0.00931864
-0.222277 -0.906032 0.360138
-0.552601 0.828559 0.09012
-0.235541 0.549256 0.801772
0.962886 0.201678 0.179378
0.199625 -0.666258 0.718506
0.0247519 0.996365 0.0815157
0.415284 -0.461368 0.784014
-0.0899955 -0.605538 0.790711
-0.029927 -0.815338 0.578211
0.632828 -0.254822 0.731159
0.255741 -0.84155 0.475805
-0.276067 0.955275 0.106001
-0.490669 0.384012 0.782163
0.871311 0.480726 0.0985928
0.329123 0.11699 0.937012
0.509282 0.842951 0.173394
0.353614 0.612243 0.707189
0.697323 0.64618 0.31015
0.133576 -0.4266 0.894522
-0.774914 0.621706 0.113975
-0.869772 -0.0161013 0.493191
-0.709286 0.200505 0.675805
-0.531205 -0.755172 0.384105
0.631661 -0.517607 0.577137
0.591997 0.0378429 0.805052
-0.244998 0.27323 0.930226
-0.599756 -0.541014 0.589573
-0.154686 -0.334636 0.929565
-0.675355 0.480104 0.559817
-0.774415 -0.534985 0.337745
0.763997 -0.567324 0.30733
0.173237 0.810436 0.559627
0.927761 -0.328736 0.176611
-0.372697 -0.492208 0.786657
0.205121 0.392267 0.89669
0.837415 0.386653 0.386311
-0.432605 -0.20766 0.877343
-0.147748 -0.987557 0.0538613
0.0315402 0.158756 0.986814
