0.728432 -0.345617 0.591553
0.314743 -0.230721 0.920709
-0.73016 -0.410614 0.546134
-0.300351 0.562822 0.770079
-0.0787035 -0.956246 0.281779
0.832718 0.543289 0.106853
0.948741 0.0609245 0.310128
-0.183938 -0.497889 0.84751
-0.909818 -0.295423 0.291472
-0.898285 0.304799 0.316516
-0.836379 -0.124071 0.533925
-0.0390269 0.70789 0.705244
0.497752 -0.861494 0.100355
-0.703197 0.0915907 0.705071
-0.675269 0.73266 0.0849737
-0.866086 0.493743 0.0781849
-0.180021 -0.027986 0.983265
0.699968 0.60736 0.375712
0.231058 0.780199 0.581293
-0.431224 0.902158 0.0125123
-0.000190495 -0.701702 0.712471
-0.629245 -0.202273 0.750424
-0.0276839 0.888258 0.458511
0.990556 -0.11969 0.0668819
0.179063 -0.495524 0.849937
0.124591 -0.00209694 0.992206
0.324045 0.93482 0.145283
-0.517435 0.34771 0.781894
-0.346271 -0.853787 0.388773
0.824142 -0.0564906 0.563559
0.736336 -0.67354 0.0644451
0.23794 0.56009 0.793526
0.462483 0.799963 0.38232
-0.958303 0.00649444 0.28568
0.658493 0.129152 0.741422
-0.74272 0.572914 0.346608
0.869203 0.354505 0.344693
-0.995245 -0.0973973 0.00040841
-0.299311 -0.699677 0.648741
0.788823 -0.521815 0.324758
0.468044 -0.44402 0.764055
0.314286 -0.687829 0.654305
0.209518 0.286095 0.935014
0.584846 -0.609674 0.535026
-0.493116 -0.476665 0.727755
-0.46323 0.0336011 0.885601
-0.919261 -0.393644 0.00198653
-0.562285 -0.663215 0.493944
-0.0362689 0.461492 0.886403
0.0235537 0.984671 0.172823
0.699323 0.394968 0.595775
0.412532 0.0588301 0.909042
-0.54317 0.599554 0.587793
-0.977885 0.205602 0.0383236
-0.263454 0.261142 0.928653
0.128214 -0.863844 0.48717
0.907927 -0.414146 0.0644341
0.587093 -0.163769 0.792781
0.216719 -0.95497 0.202645
-0.57921 -0.789973 0.201141
-0.519717 0.782197 0.343601
-0.771269 -0.568047 0.287169
0.486293 0.612722 0.62297
0.473278 0.364931 0.801769
0.415684 -0.820634 0.392132
-0.296961 0.77837 0.553132
0.626966 0.768728 0.126374
-0.364394 -0.255661 0.895463
-0.30792 -0.948088 0.0794628
-0.262093 0.927643 0.266054
-0.00461437 -0.27751 0.960712
-0.737043 0.363711 0.569633
0.964784 0.252843 0.0725394
0.910476 -0.241427 0.335779
