-0.977119 0.202451 0.0652147
-0.577409 0.353456 0.735981
-0.549898 -0.665893 0.504181
0.735471 -0.67696 0.0284282
-0.873832 0.384253 0.297937
0.764647 -0.136928 0.629735
-0.417741 0.156508 0.894985
0.455174 0.315603 0.832593
-0.46899 -0.839323 0.274928
0.873372 0.288887 0.392129
0.566881 -0.784948 0.250007
0.270414 -0.258241 0.927463
-0.166118 -0.953222 0.252531
-0.260241 0.806425 0.530993
0.417329 -0.490999 0.764694
0.252016 0.762012 0.596511
-0.900768 -0.197889 0.386597
0.244045 -0.710526 0.659996
-0.350744 -0.93629 0.0184198
0.324813 0.945478 0.0238196
-0.49044 -0.151199 0.858259
0.858054 0.485382 0.167771
0.721918 0.543755 0.427978
-0.75456 -0.450052 0.47759
-0.337143 -0.619833 0.70862
-0.550857 -0.41196 0.725841
0.977855 0.141005 0.154652
0.182155 0.271162 0.94514
0.525053 0.544556 0.654048
-0.690888 0.525289 0.496734
-0.93532 0.0951747 0.340761
-0.987525 -0.106729 0.115775
-0.450023 0.610182 0.652041
0.974669 -0.159393 0.156889
-0.272435 -0.822586 0.499131
0.129704 -0.968082 0.214461
0.514468 -0.664555 0.541931
-0.661294 0.0670644 0.747123
0.864935 -0.30124 0.401426
0.542634 -0.223679 0.809639
-0.0256666 -0.280308 0.959567
-0.611626 -0.790963 0.0170569
0.280247 0.906253 0.316491
0.0158841 0.890602 0.454506
0.885164 -0.443783 0.139789
-0.22894 -0.06186 0.971473
0.323888 -0.852725 0.409825
0.70563 0.307213 0.638519
0.0533804 0.988622 0.140628
-0.794444 0.250914 0.553083
-0.0504715 -0.703502 0.708899
-0.0183472 0.481485 0.876262
-0.296038 -0.377064 0.877601
-0.0265766 0.718604 0.694912
0.670755 0.716902 0.190104
0.26345 0.541943 0.798055
0.913768 -0.00666619 0.406181
0.502948 0.746681 0.435329
0.355204 0.0280177 0.934369
-0.212208 0.939725 0.268114
0.736403 -0.568549 0.366691
-0.523123 0.752591 0.399935
-0.877454 0.479429 0.0149009
0.612563 0.0658182 0.787677
-0.736042 0.63873 0.224202
0.0645939 0.00176321 0.99791
-0.890434 -0.416511 0.183425
0.130206 -0.510302 0.850081
0.666503 -0.418677 0.616833
-0.469496 0.873016 0.131974
-0.742275 -0.199548 0.639694
-0.135003 0.221555 0.965757
0.0201192 -0.878453 0.477404
-0.716855 -0.648039 0.257225
-0.311258 0.43132 0.846807
