-0.467272 -0.435886 0.769195
0.546052 -0.777907 0.310947
0.736773 -0.174884 0.653131
-0.637266 -0.671033 0.378955
0.304941 -0.312399 0.899677
0.0926999 0.549777 0.830152
-0.957042 0.248902 0.148721
-0.933612 0.0379399 0.356271
0.767927 -0.595747 0.235316
0.546991 -0.384462 0.743633
-0.899158 -0.437413 0.0135633
-0.851232 -0.220909 0.476028
0.795526 -0.393341 0.460893
0.988927 -0.0610558 0.135261
-0.675469 0.338123 0.655297
-0.787287 0.0663907 0.613001
-0.104693 0.350731 0.930606
0.550717 0.58789 0.592534
-0.135363 -0.953372 0.269737
0.458183 0.793865 0.399809
0.547552 0.828294 0.118813
-0.43483 -0.163901 0.885471
0.351644 -0.767703 0.535705
0.0729876 -0.724915 0.684961
-0.735684 -0.670069 0.0988764
0.642713 0.324499 0.693989
-0.204796 0.587828 0.782634
-0.194042 -0.619538 0.760606
0.799871 0.394712 0.452116
-0.292325 0.770887 0.565933
-0.214893 -0.362129 0.907019
0.0992388 -0.892008 0.440991
-0.306952 0.0969049 0.946779
0.283055 0.699261 0.656441
0.976439 0.21433 0.0250898
0.807011 0.10445 0.581226
-0.675066 -0.189623 0.712972
0.261942 -0.0259561 0.964735
-0.833625 -0.461656 0.303222
0.0344166 -0.216331 0.975713
0.45399 0.180773 0.872476
-0.39262 0.868024 0.303948
-0.357833 -0.930811 0.0744713
-0.398146 -0.845454 0.355932
-0.169975 -0.82147 0.54433
0.698983 0.640113 0.318868
-0.640736 0.740644 0.202245
0.93314 0.165024 0.3194
0.659077 -0.752047 0.00651332
0.875316 0.452366 0.170842
0.521809 -0.107059 0.846318
0.593748 -0.59597 0.540632
0.902699 -0.120665 0.413006
0.382699 0.460004 0.80121
-0.835389 0.517052 0.186504
0.139226 -0.977335 0.159474
0.317277 -0.572081 0.756345
-0.00683605 0.762534 0.646912
-0.0151428 0.0755944 0.997024
0.415503 -0.906303 0.077276
0.095231 0.979456 0.177754
0.0516487 -0.492693 0.868669
-0.192382 0.975884 0.103152
0.918714 -0.343143 0.195495
-0.956737 -0.212573 0.198665
0.177048 0.878098 0.444519
-0.850528 0.321654 0.416103
-0.461796 0.886844 0.0158655
0.185136 0.287132 0.93983
-0.490623 0.570397 0.658739
-0.110599 0.917328 0.382462
-0.434898 -0.674905 0.596126
-0.687313 -0.449724 0.570394
-0.692154 0.571536 0.44076
-0.571871 0.107833 0.813225
-0.389033 0.36392 0.846296
