-0.907657 -0.0967351 0.408412
0.244898 -0.30707 0.919638
0.840835 -0.53314 0.0935865
0.0926999 0.830152 0.549777
-0.957042 0.148721 0.248902
-0.933612 0.356271 0.0379399
-0.0400292 -0.390421 0.919766
-0.404688 -0.914448 0.00351554
-0.48924 -0.733171 0.472339
-0.675469 0.655297 0.338123
-0.787287 0.613001 0.0663907
-0.104693 0.930606 0.350731
0.550717 0.592534 0.58789
0.458183 0.399809 0.793865
-0.253418 -0.186153 0.949277
-0.750715 -0.06077 0.657825
0.547552 0.118813 0.828294
-0.779195 -0.335422 0.529479
-0.723719 -0.581434 0.371707
-0.34149 -0.442879 0.829001
-0.802319 -0.590728 0.0855832
0.669609 -0.687735 0.280437
0.949067 -0.266798 0.167604
-0.0201871 -0.933571 0.357824
-0.568119 -0.507247 0.648029
-0.12082 -0.631244 0.766116
0.642713 0.693989 0.324499
-0.204796 0.782634 0.587828
0.0769893 -0.788447 0.610265
0.268025 -0.876373 0.400167
-0.105871 -0.991197 0.0794926
0.799871 0.452116 0.394712
-0.292325 0.565933 0.770887
0.818758 -0.435252 0.374421
0.450495 -0.457138 0.766863
-0.306952 0.946779 0.0969049
0.283055 0.656441 0.699261
0.976439 0.0250898 0.21433
0.807011 0.581226 0.10445
0.0332863 -0.112258 0.993121
0.460779 -0.870197 0.17447
0.717641 -0.300629 0.628183
-0.588232 -0.784288 0.197168
0.166967 -0.569519 0.804842
-0.560944 -0.246748 0.790226
0.754227 -0.00739439 0.656572
0.45399 0.872476 0.180773
-0.39262 0.303948 0.868024
0.698983 0.318868 0.640113
0.359631 -0.698084 0.619147
-0.640736 0.202245 0.740644
-0.212324 -0.809638 0.547179
0.93314 0.3194 0.165024
0.533693 -0.178503 0.826625
0.875316 0.170842 0.452366
0.887506 -0.152818 0.434718
0.314554 -0.0199892 0.949029
0.382699 0.80121 0.460004
-0.835389 0.186504 0.517052
-0.00683605 0.646912 0.762534
-0.0151428 0.997024 0.0755944
0.095231 0.177754 0.979456
-0.192382 0.103152 0.975884
0.185787 -0.97368 0.132026
-0.985342 -0.1185 0.122716
0.177048 0.444519 0.878098
-0.850528 0.416103 0.321654
-0.461796 0.0158655 0.886844
0.616051 -0.567333 0.546456
0.185136 0.93983 0.287132
-0.490623 0.658739 0.570397
-0.110599 0.382462 0.917328
-0.893982 -0.366731 0.257496
-0.692154 0.44076 0.571536
-0.571871 0.813225 0.107833
-0.30655 -0.908614 0.283633
-0.389033 0.846296 0.36392
