-0.0479262 -0.648148 0.760005
-0.540331 0.605612 0.584189
-0.86975 -0.0991171 0.483437
-0.618438 0.780196 0.0939613
0.614145 -0.703937 0.35679
-0.103605 0.0972763 0.98985
0.0283455 -0.406637 0.91315
-0.687218 -0.149899 0.710817
-0.286496 0.758384 0.585469
0.83966 0.0273866 0.542421
0.392333 -0.0262479 0.919449
0.520712 0.853724 0.00381627
-0.945649 0.298323 0.129427
0.177837 0.185803 0.96636
0.463848 0.726798 0.506567
0.637119 0.0456388 0.769413
-0.0482695 0.380373 0.923573
-0.361404 0.926585 0.104056
-0.264537 -0.446682 0.85469
-0.195748 -0.95402 0.226999
-0.79558 -0.533869 0.28642
-0.748344 0.138437 0.648704
-0.527195 -0.453743 0.718458
0.387636 0.882412 0.266621
-0.0753109 0.994654 0.0706509
0.278971 -0.953987 0.10993
-0.166966 -0.190951 0.967295
-0.823334 0.562463 0.0758727
0.958987 0.254192 0.12542
0.228221 0.69417 0.682674
0.307478 -0.309122 0.899945
-0.561691 0.358483 0.74565
-0.118555 -0.833213 0.540093
-0.328622 0.26985 0.905091
0.525169 -0.425759 0.736835
-0.00122124 0.83139 0.555688
-0.749926 0.406031 0.522255
0.689707 0.312668 0.653102
0.44145 -0.671658 0.594977
0.962776 -0.00388185 0.270273
0.835784 -0.49132 0.245091
-0.535467 0.0678312 0.841828
0.710114 -0.699881 0.0768401
-0.327092 0.536957 0.777617
0.00339047 -0.999919 0.0122352
0.35966 -0.853765 0.37647
0.230376 0.456679 0.859286
0.694476 0.544983 0.469784
0.480207 0.51352 0.711124
-0.465513 0.81046 0.355601
0.834618 0.508542 0.211655
-0.699677 0.630509 0.336021
0.714344 -0.47438 0.514467
0.101259 0.947453 0.303446
-0.467258 -0.872807 0.140991
-0.878164 -0.478298 0.00769039
0.238035 0.97088 0.0270556
-0.929028 -0.272114 0.250721
0.864283 0.291077 0.41023
-0.756139 -0.377467 0.534577
0.448975 0.257179 0.855734
-0.389317 -0.819052 0.421409
-0.0476657 0.634338 0.771585
0.639638 0.728793 0.244384
-0.328651 -0.667417 0.668239
0.169029 -0.787332 0.592906
-0.603831 -0.627556 0.49149
-0.899071 0.182691 0.397863
0.719728 -0.216511 0.659632
-0.190316 0.918919 0.345497
0.077131 -0.936336 0.342528
0.237151 -0.572557 0.784817
0.876794 -0.249662 0.410976
-0.702203 -0.708842 0.0667308
0.114725 -0.102542 0.988091
0.959777 -0.256006 0.115279
-0.984627 0.00840912 0.17447
-0.445505 -0.212762 0.869631
