0.341907 -0.919589 0.193534
0.380344 -0.801714 0.461079
0.842454 -0.0879182 0.531546
-0.960811 0.245135 0.129425
0.12225 -0.78827 0.603063
0.573299 0.326169 0.751626
0.0203684 0.821686 0.569577
-0.642161 0.729068 0.23683
-0.407872 -0.704956 0.580239
0.15872 0.986923 0.0281378
-0.242474 -0.270137 0.93179
0.780101 -0.374523 0.501173
0.89712 -0.441758 0.00503566
0.656514 0.749813 0.0822723
0.229208 -0.0907357 0.969139
-0.171735 -0.868461 0.465061
0.409673 0.132753 0.902521
-0.703931 0.543376 0.45741
-0.864277 0.302152 0.402157
0.106469 0.943094 0.31502
0.100436 -0.994075 0.0415608
0.310811 0.407112 0.858869
0.960947 0.00140996 0.276727
0.496012 -0.145348 0.856064
-0.837827 -0.520652 0.164219
0.020945 0.448817 0.893378
0.577808 0.711686 0.399552
-0.400781 -0.91545 0.0364005
-0.944763 0.0265351 0.326678
0.460108 0.585203 0.667711
0.578512 -0.39122 0.715731
0.82263 0.209258 0.52867
-0.154089 -0.969913 0.188483
-0.741703 -0.205529 0.638462
-0.638631 -0.655228 0.403518
0.788025 0.556919 0.262408
0.0911211 -0.933034 0.348059
0.919532 0.29299 0.261951
-0.401768 0.898446 0.177138
0.72927 -0.684161 0.00945227
-0.513836 -0.262847 0.81663
-0.352413 0.00344937 0.935838
-0.183301 0.908754 0.374923
-0.836742 0.51128 0.196099
-0.676836 0.329294 0.658376
0.587626 -0.768217 0.254042
-0.808566 0.0763456 0.583431
0.128673 0.186431 0.974005
-0.940036 -0.251962 0.229883
0.921882 -0.290185 0.25676
0.310213 0.793874 0.523003
0.895 0.445929 0.0110322
0.378781 -0.616341 0.690398
-0.800863 -0.411073 0.435473
0.990935 0.13352 0.0148113
0.181183 0.644988 0.742404
0.607541 -0.613616 0.50435
-0.460619 0.263202 0.847676
0.108024 -0.57774 0.809041
-0.0612627 -0.0467498 0.997026
-0.241878 0.716663 0.654132
-0.428118 -0.844661 0.321346
-0.653228 -0.746994 0.123664
-0.493638 0.562117 0.663585
0.323917 -0.384653 0.864361
-0.34714 -0.506224 0.78945
-0.599544 -0.481999 0.638924
0.789101 -0.553282 0.26683
-0.265687 0.484019 0.833748
0.0475143 -0.321791 0.945618
-0.439456 0.780443 0.444733
0.389157 0.885446 0.254051
0.698941 0.477809 0.532146
-0.162907 0.228083 0.959916
-0.139817 -0.697278 0.703032
-0.128237 0.987084 0.0960234
-0.609804 0.0149234 0.792412
0.678205 0.0512085 0.733086
-0.99861 -0.0335151 0.0406683
