0.860715 0.0544665 0.506165
-0.893756 -0.441263 0.0805404
-0.0670186 0.987245 0.144414
-0.421709 0.789887 0.445241
0.0724081 0.815323 0.574462
0.351622 -0.360467 0.863959
0.881271 0.306415 0.35982
0.410382 -0.757994 0.506982
-0.601732 0.775386 0.191561
0.950401 0.301582 0.0760676
-0.693762 0.385011 0.608654
0.970196 0.0575657 0.235385
-0.328961 -0.65541 0.67987
0.714622 0.521316 0.466418
0.738891 -0.414406 0.531326
-0.213941 0.735253 0.643143
0.653464 -0.652027 0.384507
-0.927045 0.301961 0.222279
0.512844 -0.53775 0.669191
0.724004 -0.682113 0.102662
0.298108 0.424262 0.855063
-0.241622 0.240413 0.940117
-0.372467 -0.816896 0.440397
-0.638301 -0.172787 0.750144
-0.284976 -0.939489 0.190129
-0.346916 0.918168 0.191355
0.604897 -0.272093 0.748375
0.844103 -0.468232 0.261245
-0.512507 -0.436194 0.739643
-0.7364 -0.377389 0.561509
-0.388935 -0.221394 0.894268
0.0150038 -0.988359 0.151395
-0.57573 -0.625598 0.526462
0.179612 -0.150638 0.972136
0.0703441 -0.430573 0.89981
-0.99246 0.12256 0.00124994
-0.858626 0.181459 0.47941
0.242985 -0.613533 0.751356
0.302979 -0.952284 0.0368616
0.242446 -0.915777 0.320271
-0.694685 0.111082 0.710685
0.388382 0.804467 0.449436
-0.985195 -0.167052 0.0385254
0.0220658 0.365686 0.930477
0.723499 0.280126 0.630935
-0.896515 -0.293062 0.332228
-0.483038 0.341607 0.806212
-0.0142136 0.0663782 0.997693
0.513315 0.228751 0.827152
-0.803807 0.564511 0.187674
-0.468053 0.591821 0.656258
-0.958624 -0.0116802 0.284434
0.26327 0.146217 0.953577
-0.0961457 -0.906751 0.410558
-0.106474 -0.209565 0.97198
-0.153334 0.899431 0.409283
-0.731706 -0.681549 0.00981982
-0.464643 0.0605076 0.883428
-0.24443 0.508993 0.825337
0.819512 0.539086 0.194388
-0.0450667 -0.661847 0.748283
0.681144 0.00940133 0.732089
0.187413 0.982281 0.00103533
0.158815 0.933436 0.321676
0.619426 0.730877 0.286584
0.895661 -0.211725 0.391107
0.44857 -0.0707144 0.890946
-0.586155 -0.771812 0.246431
0.13011 -0.811916 0.56909
-0.832835 -0.102232 0.543998
0.503344 -0.836832 0.215306
-0.65656 0.616545 0.434512
0.294861 0.663544 0.687579
-0.218231 -0.456295 0.862653
0.680223 0.733005 0.000896962
0.0231394 0.619 0.78505
0.97244 -0.205924 0.109346
0.407501 0.89668 0.172941
0.53046 0.490922 0.691092
-0.768346 -0.555172 0.318479
