-0.850512 -0.308821 0.425745
0.679471 -0.00926833 0.733644
0.593664 0.65819 0.462979
0.971715 -0.0599501 0.228422
0.924654 0.212904 0.315732
0.532816 -0.492396 0.688225
0.0322266 -0.356104 0.93389
-0.51808 0.645839 0.560789
-0.677965 -0.326617 0.658548
-0.941825 -0.0495097 0.332436
0.790065 0.449399 0.416938
0.676206 -0.73643 0.020386
-0.285018 0.949113 0.133975
-0.604045 -0.0491365 0.795434
0.282459 0.955651 0.0833568
-0.455009 -0.745871 0.48646
-0.402195 0.835621 0.374134
0.485238 0.52665 0.697986
-0.23163 -0.698464 0.677124
-0.728325 0.450661 0.516185
0.509565 -0.232937 0.828302
0.0229853 -0.609482 0.792466
-0.771415 0.634682 0.0457997
0.0297396 -0.957532 0.286789
0.214161 0.603203 0.768298
0.584148 0.262808 0.767921
-0.454475 -0.293772 0.840922
0.502955 -0.707862 0.495951
0.250488 -0.165707 0.953833
-0.680124 0.659433 0.320281
-0.62564 -0.738394 0.251692
0.0539718 0.793922 0.60562
0.721563 -0.278618 0.633813
-0.475901 -0.542307 0.692403
0.503573 -0.831822 0.233424
0.176491 0.911963 0.370371
-0.548267 0.827152 0.123379
0.44826 0.844173 0.293997
0.267163 -0.956187 0.119711
0.704057 0.682679 0.195584
0.878269 0.457076 0.140446
0.337991 0.758795 0.55677
0.00210227 0.988495 0.151241
-0.714599 0.189902 0.673265
0.285584 -0.670503 0.684739
0.540508 0.841195 0.0155519
-0.860961 0.442193 0.251421
-0.675769 -0.557363 0.482372
0.943206 -0.327094 0.0580731
-0.252275 0.752446 0.608426
-0.819758 -0.52336 0.232576
-0.382992 -0.895699 0.225922
0.0454761 0.382235 0.922946
0.443845 0.0427362 0.895084
-0.87551 0.214684 0.432889
0.864588 -0.0654513 0.498201
-0.805724 -0.0721894 0.587875
0.71864 -0.515786 0.466393
0.178718 0.129667 0.975319
0.0515254 -0.809872 0.58434
-0.15588 0.178792 0.97146
-0.196681 -0.872459 0.447361
-0.0229563 -0.0780774 0.996683
0.276739 -0.868696 0.410831
0.885378 -0.311325 0.345228
-0.0753472 0.609728 0.789022
0.299585 -0.432501 0.850407
0.977756 0.207537 0.0303584
0.813408 -0.548419 0.193921
-0.223286 -0.468849 0.85459
-0.309062 -0.0667765 0.948695
-0.995207 -0.0845076 0.0492183
0.792574 0.205346 0.57416
-0.445071 0.179581 0.877304
-0.119245 0.907705 0.402308
0.00606339 -0.999981 0.000564614
-0.930658 -0.365557 0.0155824
-0.539452 0.413466 0.73351
-0.280189 0.418172 0.864075
-0.970045 0.18255 0.160277
0.330447 0.355617 0.874266
