-0.861233 0.446971 0.241857
-0.96755 -0.251821 0.0208145
-0.504831 0.860202 0.0721013
0.760795 -0.0236058 0.648563
-0.160481 -0.231599 0.959483
-0.901303 0.0212615 0.432667
-0.406067 -0.336631 0.849582
-0.741971 0.0847672 0.665052
0.327401 -0.869768 0.369205
0.18635 0.433061 0.881891
0.538307 -0.823892 0.177277
0.686198 0.253433 0.681839
0.865215 0.187928 0.46485
0.825833 0.563691 0.0158519
0.347064 -0.685119 0.640436
-0.240568 0.970075 0.0328718
0.0682769 -0.958334 0.277371
0.107776 -0.611042 0.784227
0.0959471 -0.360671 0.927745
0.0984274 0.667565 0.738017
-0.261687 0.222192 0.939229
0.0126755 0.848172 0.52957
0.329655 0.942009 0.0628278
-0.10401 0.952339 0.286761
-0.430049 -0.837076 0.338173
-0.382463 -0.0505326 0.922588
-0.963274 0.265231 0.0419049
-0.272403 0.829875 0.486933
-0.378674 0.460516 0.802827
-0.18942 0.673104 0.714878
-0.162374 -0.885548 0.435247
0.450032 0.326688 0.831111
-0.852226 -0.503358 0.142624
-0.23348 -0.958308 0.16472
-0.526297 0.182396 0.830508
0.554443 -0.706086 0.440494
0.572325 -0.504445 0.646513
0.57796 -0.234658 0.7816
0.374046 0.58283 0.721387
-0.574587 -0.647235 0.500935
0.295587 0.790421 0.536529
0.869726 -0.380746 0.31402
-0.668138 -0.706243 0.234122
-0.520936 0.779065 0.348832
-0.133242 -0.726242 0.674402
0.882445 -0.468778 0.039227
-0.101547 0.456152 0.884089
0.109832 -0.825312 0.553893
0.0245698 0.213362 0.976664
0.550707 0.0481953 0.833306
0.763643 -0.301751 0.570785
0.291798 -0.951794 0.0945655
0.552242 0.661059 0.507965
0.455719 0.837738 0.300857
0.907611 -0.0923648 0.409524
0.972086 0.105906 0.209364
0.600088 0.798119 0.0538541
0.742074 -0.627622 0.235408
-0.781105 -0.462438 0.419554
-0.612105 -0.147736 0.776854
0.332141 -0.185051 0.924899
-0.465816 0.648721 0.601811
-0.149773 -0.499887 0.853042
-0.69348 0.567714 0.443605
0.715069 0.644823 0.269961
-0.823528 0.29498 0.484549
-0.714656 0.681355 0.158181
0.294296 0.113866 0.948907
-0.797059 -0.213383 0.564946
-0.617441 -0.415468 0.667946
0.0764578 -0.0702017 0.994598
0.974497 -0.174675 0.140873
0.347401 -0.453929 0.820525
0.0468639 0.9979 0.0447204
-0.384763 -0.588971 0.710683
0.18306 0.932417 0.31159
-0.987487 0.00173458 0.157688
0.892308 0.381686 0.241043
-0.627093 0.399413 0.668748
-0.50054 -0.863677 0.0593438
0.750177 0.452279 0.482367
-0.922036 -0.23751 0.305676
