-0.297558 0.138399 0.944619
-0.648795 -0.759039 0.0540836
0.0113811 0.766753 0.641842
0.21496 -0.394285 0.893494
-0.207134 0.62366 0.753753
-0.0200644 0.102917 0.994488
-0.209237 -0.130577 0.969108
-0.120299 0.359655 0.925298
-0.999091 -0.00783483 0.0419024
0.635131 -0.453478 0.625273
0.673288 0.148029 0.72441
0.982673 -0.182863 0.0302492
0.824826 -0.300978 0.478617
0.594339 -0.762741 0.254925
0.70912 0.678239 0.19272
0.0723944 -0.16556 0.983539
0.257436 0.049302 0.965037
0.20381 -0.969969 0.13275
-0.0792316 -0.989926 0.117339
0.741991 -0.553562 0.378178
-0.247987 0.92921 0.273992
-0.946641 -0.123196 0.297816
0.840633 0.00911193 0.541528
0.373839 -0.5674 0.733691
-0.211054 -0.910284 0.356145
-0.356416 -0.927519 0.112585
-0.700617 -0.0342435 0.712715
0.0718644 -0.92225 0.379856
-0.0776691 -0.396813 0.914608
-0.472383 0.874704 0.108389
0.459047 0.653461 0.601885
0.960197 0.272423 0.061704
-0.951169 0.173957 0.254984
0.253821 0.824702 0.505412
0.26209 0.933897 0.243198
-0.817767 -0.219624 0.531999
0.487944 0.868874 0.0834783
-0.602889 -0.299737 0.73938
-0.68454 0.703925 0.189458
0.899029 -0.380802 0.216185
0.00623261 0.91636 0.400306
0.478132 -0.317213 0.819003
0.857742 0.438563 0.26822
0.513151 -0.685768 0.516137
-0.354138 -0.35234 0.866281
0.00962538 0.991933 0.126398
0.0590326 0.557488 0.828084
-0.469402 -0.546387 0.69363
0.160087 0.314643 0.935613
0.232136 -0.770256 0.593985
-0.381854 0.411979 0.827322
0.79046 0.314121 0.525834
-0.696061 -0.476351 0.537204
-0.247073 0.809951 0.531916
0.930356 0.169764 0.324989
0.0815443 -0.618729 0.781361
-0.488577 0.786392 0.377995
-0.864143 0.0588726 0.499791
-0.676713 0.584779 0.447317
0.3495 -0.867434 0.35413
0.507164 -0.037679 0.861025
-0.456771 0.63903 0.61887
0.946159 -0.113128 0.303291
-0.863883 -0.39467 0.312955
-0.620504 0.411891 0.667323
-0.835922 -0.545335 0.0620027
0.443139 0.239161 0.863962
0.503362 0.787629 0.355342
0.68621 0.568472 0.453823
-0.329476 -0.757099 0.564133
0.334903 0.494507 0.802061
-0.547665 0.181449 0.816786
0.782644 -0.613923 0.102796
-0.955468 -0.287576 0.0661928
-0.48798 -0.806614 0.33354
-0.711746 -0.634406 0.301575
-0.202086 -0.606639 0.768863
-0.0507045 -0.796098 0.60304
0.693731 -0.177004 0.698145
0.586261 0.416892 0.694621
-0.84964 0.475788 0.22746
-0.813948 0.337281 0.473001
-0.474141 -0.0865325 0.876186
