0.456665 -0.186353 0.869902
0.679851 -0.461232 0.570147
-0.861233 0.241857 0.446971
-0.401094 -0.195201 0.894997
-0.504831 0.0721013 0.860202
-0.784444 -0.317662 0.53267
-0.901303 0.432667 0.0212615
-0.115437 -0.66398 0.738786
-0.673242 -0.123664 0.729007
-0.741971 0.665052 0.0847672
0.950921 -0.0319497 0.30778
0.18635 0.881891 0.433061
-0.757959 -0.650605 0.0470172
0.686198 0.681839 0.253433
0.796949 -0.517164 0.312112
0.865215 0.46485 0.187928
0.335394 -0.811459 0.478587
-0.853215 -0.0374161 0.520216
0.825833 0.0158519 0.563691
0.0540849 -0.841447 0.537626
0.459637 -0.859817 0.222369
-0.240568 0.0328718 0.970075
-0.0977199 -0.944234 0.314439
-0.912097 -0.406436 0.0537514
-0.278177 -0.960283 0.0217745
0.0984274 0.738017 0.667565
-0.261687 0.939229 0.222192
0.0126755 0.52957 0.848172
-0.634601 -0.564534 0.52781
0.329655 0.0628278 0.942009
-0.10401 0.286761 0.952339
0.00662395 -0.998693 0.0506801
-0.963274 0.0419049 0.265231
-0.272403 0.486933 0.829875
-0.25604 -0.442425 0.859478
-0.378674 0.802827 0.460516
-0.18942 0.714878 0.673104
0.997464 -0.0666951 0.0248511
0.173239 -0.66146 0.729698
0.450032 0.831111 0.326688
-0.526297 0.830508 0.182396
-0.540577 -0.840498 0.0366153
-0.242925 -0.814079 0.527506
0.374046 0.721387 0.58283
0.295587 0.536529 0.790421
0.18755 -0.944636 0.269235
-0.520936 0.348832 0.779065
0.447178 -0.610667 0.653542
-0.101547 0.884089 0.456152
0.183359 -0.207129 0.960977
-0.104958 -0.222141 0.969349
0.688439 -0.201734 0.696674
0.59107 -0.690888 0.416304
0.0245698 0.976664 0.213362
0.550707 0.833306 0.0481953
0.860035 -0.510077 0.0127306
0.552242 0.507965 0.661059
0.455719 0.300857 0.837738
0.972086 0.209364 0.105906
0.936233 -0.295394 0.19029
0.600088 0.0538541 0.798119
-0.807055 -0.506508 0.3035
-0.465816 0.601811 0.648721
-0.69348 0.443605 0.567714
0.715069 0.269961 0.644823
-0.823528 0.484549 0.29498
-0.714656 0.158181 0.681355
0.294296 0.948907 0.113866
0.315209 -0.436686 0.842585
0.030849 -0.462981 0.885831
-0.552198 -0.38571 0.739125
-0.991016 -0.129282 0.0342598
0.0468639 0.0447204 0.9979
0.18306 0.31159 0.932417
0.689707 -0.712601 0.128466
-0.377837 -0.882091 0.281344
-0.987487 0.157688 0.00173458
-0.925099 -0.243169 0.291653
-0.394413 -0.619879 0.678372
0.892308 0.241043 0.381686
-0.62175 -0.727634 0.289785
-0.627093 0.668748 0.399413
0.750177 0.482367 0.452279
0.849494 -0.253676 0.462611
