0.775765 -0.600801 0.192945
-0.591562 -0.745618 0.30677
0.890628 0.450658 0.0607429
0.391807 -0.754264 0.526851
0.07678 0.794389 0.602538
0.184984 -0.152849 0.970782
0.63135 -0.24639 0.735316
-0.179306 0.874266 0.451119
0.820852 -0.115567 0.559327
0.53599 -0.508151 0.674164
0.120187 -0.421174 0.898982
-0.53632 0.0948596 0.838667
-0.790556 0.445002 0.420706
0.918152 -0.391396 0.0616913
-0.592419 0.528354 0.60818
0.346491 -0.936125 0.0601111
-0.566358 -0.186498 0.802781
0.499974 -0.822269 0.271846
-0.18795 0.965362 0.180972
0.226152 0.129338 0.965467
0.666393 0.0365169 0.744706
-0.871293 -0.368245 0.324414
-0.323509 -0.0630747 0.944121
-0.623134 -0.781696 0.0256049
-0.921645 -0.387459 0.021126
0.0750589 0.994392 0.0745031
0.56518 0.783862 0.25716
0.278014 -0.608 0.74367
0.0560091 0.59289 0.803334
0.549096 0.65952 0.513349
0.756621 -0.391199 0.523916
-0.419307 0.739728 0.526292
0.236643 -0.912226 0.33443
-0.690056 0.268135 0.672254
0.444901 -0.0646245 0.893245
-0.637007 0.766099 0.0855207
0.0216686 0.327098 0.944742
-0.437758 0.858357 0.267566
-0.467091 -0.687021 0.556621
-0.890949 -0.108643 0.440915
0.0820962 0.932108 0.352754
-0.211188 -0.967396 0.139805
-0.182868 0.707592 0.682548
-0.697309 -0.538977 0.472509
-0.640951 0.679395 0.357217
0.116169 -0.811586 0.572568
0.473707 0.21637 0.853689
0.390587 -0.341962 0.854695
0.730629 0.682578 0.016405
-0.973669 -0.150546 0.171186
-0.0460191 -0.92828 0.369024
0.324264 0.925647 0.195015
-0.262684 0.215564 0.940494
-0.337936 -0.340054 0.877589
0.629811 -0.776435 0.0220582
-0.866131 0.174157 0.468494
-0.0435173 0.0423769 0.998154
0.889871 0.327236 0.317879
-0.536774 -0.456553 0.70953
-0.340228 -0.863617 0.372035
-0.745592 -0.011566 0.666303
0.635583 -0.635094 0.438964
0.989201 -0.116508 0.0889207
-0.087278 -0.237785 0.967389
-0.788102 -0.59206 0.168406
-0.929043 0.297935 0.219349
-0.201115 0.480219 0.853781
0.764094 0.580812 0.280746
-0.460414 0.371298 0.806323
-0.815583 0.556285 0.159283
0.32309 0.825824 0.462198
0.0720075 -0.990735 0.115149
0.909799 -0.266657 0.318056
0.519939 0.4629 0.717904
0.941424 0.0161847 0.336836
-0.0042685 -0.641394 0.7672
0.277384 0.423083 0.862589
-0.742611 -0.289832 0.60376
-0.284821 -0.591661 0.754198
0.821036 0.169306 0.545194
0.980709 0.168573 0.0989566
0.729061 0.438572 0.525476
-0.994967 0.095874 0.0291441
-0.16795 -0.791519 0.587614
0.310315 0.654247 0.689685
