-0.964437 -0.130502 0.229851
-0.940826 -0.336766 0.0378813
0.700123 -0.412656 0.582704
-0.117733 0.0101596 0.992993
-0.751262 0.204289 0.627591
-0.795276 -0.591413 0.133294
0.827777 0.484725 0.282536
0.38442 -0.0436239 0.922127
0.981369 -0.0873598 0.171124
-0.596619 -0.770096 0.225826
0.759908 0.648912 0.0381202
-0.351917 -0.412528 0.840223
0.626529 -0.738376 0.249523
-0.901368 0.0602295 0.428844
0.548884 0.831818 0.0824895
0.455918 0.692876 0.558624
0.573695 -0.253129 0.778973
-0.755628 0.584199 0.296205
0.128734 -0.875387 0.465967
0.447365 -0.889658 0.0915091
0.885657 -0.260861 0.38414
-0.747769 -0.350516 0.563897
0.674698 0.516507 0.52726
0.785077 -0.520627 0.335561
-0.974736 0.145538 0.169433
-0.4594 0.57018 0.681063
0.906261 0.0185538 0.422312
0.911485 0.410702 0.0227903
-0.586469 0.78927 0.181954
0.171789 0.134856 0.97586
-0.44375 -0.895917 0.0204369
0.650175 0.294343 0.700453
-0.0334928 0.541532 0.840013
-0.352039 0.935643 0.0253237
-0.864552 0.335244 0.374381
-0.905096 0.411972 0.105265
0.190981 -0.554459 0.810001
-0.542398 -0.51917 0.660505
0.43403 0.230024 0.871038
-0.295281 -0.651022 0.699271
0.322533 -0.317837 0.891601
0.946729 0.223546 0.2318
-0.136038 -0.269221 0.953422
-0.0665063 0.28577 0.955988
-0.102826 0.983305 0.150127
-0.54045 0.317649 0.77911
0.458064 -0.506566 0.730458
-0.0929553 0.902345 0.420871
0.775425 -0.141257 0.615437
0.146806 0.949158 0.278472
-0.550152 0.704018 0.449101
-0.291042 0.426005 0.856629
-0.00708897 -0.999877 0.0139856
0.829041 0.284006 0.481697
-0.0330281 0.755136 0.654736
0.794098 -0.604256 0.0654389
0.644435 0.697902 0.31247
-0.767599 -0.0778697 0.636182
-0.348963 -0.892168 0.286812
-0.466605 -0.73574 0.490883
-0.580941 0.0398564 0.812969
-0.350153 0.885903 0.304251
0.197596 -0.958679 0.204672
-0.579787 -0.259486 0.772343
0.563564 -0.649482 0.51046
-0.0880897 -0.526249 0.845756
0.447992 0.485526 0.750711
-0.694808 -0.586116 0.416784
-0.299702 0.770896 0.562048
0.393092 -0.841028 0.371687
0.208284 0.825185 0.525059
0.620916 0.0256265 0.783458
-0.68946 0.473717 0.547939
0.211453 0.639992 0.738713
-0.189817 -0.836622 0.513841
-0.348938 0.157511 0.923814
-0.377178 -0.125979 0.917533
0.312055 -0.722227 0.61726
-0.869356 -0.384185 0.310841
0.0131914 -0.732361 0.680788
-0.765837 0.642731 0.019756
0.408076 0.852442 0.32683
0.210386 0.401872 0.8912
0.119728 -0.142994 0.982455
0.924873 -0.360081 0.122277
-0.0734184 -0.95563 0.285273
