-0.152975 -0.952866 0.262002
-0.718199 -0.116217 0.686064
0.422215 -0.0841119 0.902585
0.621954 0.0701452 0.779906
0.586402 0.507949 0.630969
-0.373308 0.719905 0.58513
-0.62897 -0.776661 0.0345775
-0.248736 -0.29349 0.923035
-0.8091 0.587343 0.0196381
0.282063 -0.958211 0.0476688
-0.888523 0.266537 0.373476
0.185091 -0.223999 0.956852
-0.983711 0.0799958 0.160975
-0.802114 0.520823 0.292158
-0.631274 -0.382772 0.674521
-0.0857804 0.465058 0.881114
-0.60864 0.656047 0.446272
-0.919351 -0.389307 0.0568675
0.0575007 -0.701903 0.709948
0.371801 0.46123 0.805625
-0.584838 -0.742597 0.326363
0.903237 -0.428842 0.0160614
-0.717902 -0.5297 0.451701
0.366445 0.682181 0.632729
-0.34147 -0.834333 0.432766
-0.496582 -0.649418 0.575901
-0.0358703 -0.864569 0.501232
-0.641445 0.74521 0.182236
-0.951215 -0.185191 0.246769
-0.150904 0.860181 0.487151
0.507605 -0.706126 0.493684
0.932974 -0.0903836 0.34841
0.154244 -0.485701 0.860409
0.00479779 -0.999388 0.03466
0.324431 0.851146 0.412669
-0.411178 -0.895935 0.168027
-0.830859 -0.274853 0.483868
-0.437963 0.896822 0.0624452
0.887257 -0.360516 0.287754
0.895139 0.181371 0.407223
-0.32409 -0.00779089 0.945994
-0.426544 0.83939 0.336876
0.334098 -0.630309 0.700778
-0.754922 0.157547 0.63661
0.724169 -0.539708 0.429295
0.399709 0.196795 0.895268
-0.341869 0.521924 0.781486
-0.332867 0.269465 0.903653
-0.558166 0.345207 0.754508
0.907328 0.369931 0.199768
0.623978 -0.209156 0.752931
0.134121 0.608528 0.782116
-0.892134 -0.00290568 0.451762
0.562911 0.704552 0.432132
-0.393036 -0.487008 0.779965
-0.0620291 -0.0961922 0.993428
-0.122123 -0.529546 0.839444
0.982238 -0.168121 0.0833239
0.403387 -0.357894 0.842135
0.0664051 0.941817 0.329501
0.173236 0.0564122 0.983263
0.635505 -0.732103 0.245273
0.789067 -0.290687 0.541178
0.742681 0.63797 0.203518
0.126868 -0.950808 0.282611
0.535069 0.825327 0.18038
0.283703 0.946785 0.152025
0.736063 0.27082 0.620377
-0.930198 0.350504 0.108989
-0.563049 0.0731751 0.823177
0.0243991 0.998029 0.0578094
0.572183 -0.487685 0.65937
-0.218707 -0.720564 0.657993
0.156253 0.33186 0.930298
-0.0768189 0.183703 0.979976
0.808529 -0.0147447 0.588271
0.773696 0.4693 0.42562
0.395982 -0.871582 0.289037
0.982875 0.103905 0.152189
0.106753 0.804977 0.583623
0.535553 -0.84446 0.00836397
-0.126193 0.688383 0.714286
-0.195482 0.954183 0.226542
0.240887 -0.821149 0.517385
-0.780921 -0.596151 0.186458
-0.500598 -0.199724 0.842325
-0.72666 0.420628 0.543173
