0.211193 -0.667256 0.71426
0.0114743 0.277104 0.960772
-0.342334 -0.794644 0.501346
0.752603 0.610225 0.247414
0.637426 0.586168 0.500095
-0.705564 -0.389282 0.592148
0.467041 0.524488 0.711888
0.163381 -0.846686 0.506388
0.0105512 0.95063 0.310146
-0.517339 -0.853379 0.0640617
-0.134381 0.988086 0.0750207
-0.24672 0.412799 0.87677
0.407702 0.740184 0.534703
0.261685 0.154542 0.9527
-0.319207 -0.913975 0.250513
0.463178 -0.885008 0.0471986
-0.743164 -0.55613 0.372057
0.830658 -0.362067 0.422983
0.80076 -0.127515 0.585255
-0.0025947 -0.274698 0.961527
-0.725589 -0.67729 0.12165
-0.396441 0.745187 0.536219
-0.241667 -0.131392 0.961422
-0.945349 0.22679 0.234269
-0.686755 0.371576 0.624739
0.22081 0.654639 0.722973
-0.808771 -0.092237 0.580846
0.000362858 0.00136841 0.999999
0.995069 -0.0672184 0.072933
-0.402656 0.912935 0.0664731
-0.220471 0.647805 0.729206
0.473892 -0.285054 0.833169
-0.844429 0.174502 0.506447
0.487051 0.265606 0.832006
0.904869 0.399666 0.146557
0.348435 -0.887365 0.301956
0.286134 0.911444 0.29563
-0.473218 0.533762 0.70083
-0.239796 -0.399398 0.884861
0.537365 0.790742 0.2932
0.23948 -0.136524 0.961255
0.229127 -0.408533 0.883517
-0.631962 0.60581 0.483341
-0.681497 0.110669 0.723405
0.957529 0.145759 0.248784
-0.619492 -0.186225 0.762594
-0.00825672 -0.547038 0.837067
-0.235171 0.147264 0.960733
0.474429 -0.0103241 0.880233
-0.467143 0.0130777 0.884085
-0.0969357 -0.900997 0.422856
0.202 -0.975951 0.0819523
-0.819434 0.424306 0.385347
0.851671 0.134941 0.506406
0.933117 -0.116422 0.340203
-0.488677 0.28457 0.824751
0.820759 0.395466 0.412264
-0.939066 -0.0300275 0.342424
0.593379 -0.758131 0.270443
-0.549214 -0.61811 0.562409
-0.997406 0.00327742 0.0719071
0.646926 0.761577 0.0385672
0.456503 -0.534952 0.710937
0.146839 0.83796 0.525606
-0.0657299 -0.985096 0.158952
-0.131474 0.831638 0.539529
0.436968 -0.735271 0.518108
-0.293688 -0.62846 0.720267
0.258478 0.420623 0.869635
-0.880511 -0.447982 0.154958
0.676398 0.352377 0.646774
0.684723 0.0846475 0.723871
-0.265647 0.913138 0.309209
-0.736046 0.637821 0.22676
0.411321 0.910299 0.0465935
0.688536 -0.725126 0.0105427
-0.520684 0.801817 0.29322
0.144262 0.987202 0.0679783
0.663731 -0.579685 0.47268
-0.0530574 -0.753524 0.655275
-0.87224 -0.296617 0.388864
-0.48676 -0.431308 0.759631
-0.556483 -0.764516 0.325334
0.791817 -0.56764 0.225413
0.928863 -0.332221 0.163837
0.667842 -0.36402 0.649212
0.00373257 0.531472 0.847067
-0.887457 0.453415 0.0826721
