-0.427051 0.849156 0.310744
0.218579 0.974771 0.04522
0.863953 0.273749 0.422666
0.0426166 -0.795373 0.60462
0.451727 -0.288108 0.844356
-0.483268 -0.689424 0.539579
0.214555 -0.209747 0.953925
0.697667 0.350703 0.624714
0.345378 0.774194 0.530414
0.69756 -0.660998 0.276573
-0.781485 0.457355 0.424392
0.912619 0.00572865 0.408772
-0.627199 0.678377 0.382658
0.773134 0.0886152 0.628021
0.0395132 0.967203 0.250913
-0.173386 0.886562 0.428888
0.317789 -0.934388 0.161025
0.478486 0.41552 0.77356
0.770949 -0.457673 0.442914
0.323051 -0.742889 0.586305
-0.878673 -0.0842011 0.46994
-0.352334 -0.859207 0.370978
0.863802 -0.47642 0.163919
0.0497666 -0.984193 0.169964
-0.692991 -0.704941 0.151068
0.910396 -0.254276 0.326378
-0.984167 0.177 0.00930368
0.966855 0.165476 0.194446
0.967283 -0.246567 0.0597305
-0.849799 -0.487371 0.200776
-0.473746 0.371431 0.798501
0.555127 0.750967 0.357607
-0.557869 -0.0525292 0.828265
0.575802 0.162232 0.801332
0.735649 0.65361 0.177803
0.0894255 0.862646 0.49784
-0.222963 0.360121 0.90587
0.574442 -0.628214 0.524751
0.142926 0.0511674 0.98841
0.165649 -0.616498 0.769734
0.0424727 -0.416371 0.908202
-0.370331 -0.552528 0.746705
-0.228758 -0.769079 0.596815
-0.086348 -0.914287 0.395756
-0.22717 -0.376531 0.898119
0.0396979 0.303003 0.952162
-0.038735 0.548464 0.835276
0.638914 -0.380309 0.668696
-0.618159 -0.470233 0.62989
0.423043 -0.534754 0.731487
0.801884 -0.186314 0.567687
-0.0545249 -0.172802 0.983446
0.547568 0.599169 0.584095
-0.221733 -0.962703 0.155042
-0.917521 0.325923 0.227882
-0.221067 0.960216 0.170628
-0.746322 0.0554497 0.663272
-0.127037 0.0901037 0.987797
-0.709049 -0.216394 0.671136
-0.368788 0.744912 0.555969
-0.617098 0.776355 0.128306
0.634781 -0.101714 0.765969
-0.813564 -0.354845 0.46065
-0.106723 -0.612112 0.783537
-0.48833 -0.315858 0.813491
0.498924 0.859166 0.113618
-0.939251 -0.234558 0.250579
0.412118 -0.0265359 0.910744
-0.995196 -0.0951956 0.0228842
0.331253 0.233937 0.914082
-0.863115 0.200082 0.46368
0.746551 0.519835 0.415251
-0.693401 0.322359 0.644423
-0.112806 0.746951 0.65524
0.19376 -0.895438 0.400808
0.559839 -0.821954 0.104752
-0.965379 0.0584298 0.254221
0.883492 0.425172 0.196646
0.458731 -0.812334 0.360109
-0.476731 -0.869612 0.128463
0.30157 0.906372 0.29588
-0.384331 0.140319 0.912469
-0.556788 0.556773 0.616434
-0.697598 -0.594233 0.400304
-0.319125 -0.123127 0.93968
0.150421 0.694408 0.703684
-0.796394 0.577395 0.179924
0.223909 0.476417 0.85023
-0.2992 0.577397 0.759666
