0.520033 0.662357 0.539304
-0.12211 -0.7019 0.701731
-0.0267535 0.0197136 0.999448
0.0185725 -0.254207 0.966972
0.320737 0.60869 0.725689
-0.651474 -0.230854 0.722695
-0.838697 0.525413 0.143276
0.232461 -0.0764896 0.969593
-0.662188 0.748374 0.0379986
-0.754571 -0.395468 0.523668
0.144532 -0.753229 0.641682
-0.865701 -0.491957 0.0924144
-0.977361 -0.203483 0.05797
-0.291987 0.119693 0.948903
0.435122 0.098708 0.894944
0.340301 -0.581379 0.739049
-0.16939 -0.440543 0.881606
-0.711792 0.307456 0.631524
0.663885 -0.0138515 0.747707
-0.48788 -0.0615646 0.870737
-0.742285 -0.587276 0.322677
0.475419 -0.837006 0.270921
0.947367 -0.317793 0.038776
0.41285 -0.743971 0.525416
-0.0760687 0.294921 0.952489
-0.00112603 0.979272 0.202546
0.80197 0.15636 0.576538
0.659857 -0.286784 0.69451
0.933305 0.050283 0.355546
-0.86911 0.140591 0.474217
0.4703 -0.175513 0.864878
0.281998 0.80509 0.52183
0.0714665 0.725068 0.68496
0.262782 0.925723 0.271997
0.827343 -0.119196 0.548904
-0.386725 0.600851 0.699587
-0.681081 -0.726662 0.0899459
0.184121 0.197293 0.962899
0.838294 -0.499269 0.219075
-0.422015 -0.330446 0.844221
0.679227 0.728392 0.0899737
0.661212 -0.654009 0.367521
0.710322 0.615169 0.342069
-0.943988 0.2411 0.225293
-0.457 -0.88773 0.0555468
-0.194933 -0.979888 0.0426645
0.511997 0.80529 0.298945
0.864729 0.335753 0.373516
0.672228 -0.733392 0.101221
-0.670742 0.675418 0.306457
-0.61907 0.55761 0.553013
0.993283 -0.0513097 0.103713
-0.235391 0.902609 0.3604
-0.240482 -0.153427 0.958451
0.784314 -0.400813 0.473498
-0.000396407 -0.970482 0.241173
-0.35234 -0.77165 0.52954
-0.29649 -0.909351 0.291847
-0.130815 0.577432 0.80589
0.609611 0.258895 0.749231
0.964749 0.222953 0.139827
0.0780031 -0.555599 0.827783
0.859384 0.490977 0.142831
-0.997458 0.0701453 0.0125628
0.457479 0.888356 0.0392022
-0.849832 -0.134574 0.509583
0.264949 -0.360734 0.894245
-0.369472 -0.577551 0.72796
-0.900616 -0.312542 0.302009
0.58215 -0.539507 0.608304
-0.475378 0.852386 0.217837
0.259089 -0.955313 0.142301
-0.442586 0.758901 0.47769
0.119414 0.47543 0.871611
-0.539314 -0.777381 0.323758
0.374574 0.366655 0.851621
0.196984 0.980379 0.00738061
-0.323623 0.385642 0.86403
0.207244 -0.889399 0.407453
0.923864 -0.224211 0.31017
0.0223738 0.885852 0.463427
-0.190337 0.773478 0.604569
-0.816634 0.417411 0.398594
-0.0968343 -0.870706 0.482177
0.694742 0.447311 0.563246
-0.533112 0.208108 0.82005
-0.960599 -0.0318105 0.276112
-0.723426 0.0357126 0.689478
-0.576838 -0.60827 0.54522
-0.254722 0.962855 0.0895951
