0.285692 0.495441 0.820316
0.0276732 -0.896061 0.443067
-0.380466 -0.719225 0.581344
-0.164849 0.979375 0.116835
0.781808 -0.0168743 0.62329
0.750945 0.272004 0.601744
0.0945812 0.335606 0.937242
0.347195 -0.937775 0.00578686
-0.658814 -0.268826 0.702635
0.55606 0.818581 0.143953
0.881256 0.466627 0.0751426
0.288236 -0.541191 0.789957
-0.847343 -0.204749 0.489988
0.298521 -0.847395 0.439098
0.849787 0.390139 0.354475
0.093318 0.972812 0.211962
-0.815441 -0.576605 0.0508148
0.744285 -0.632152 0.215461
0.541898 0.735845 0.406053
-0.958432 -0.145987 0.245144
0.960768 0.220263 0.168551
-0.101109 0.125594 0.986916
-0.36544 0.157764 0.917368
-0.942307 -0.333947 0.0231572
0.546019 -0.756248 0.360489
-0.523564 -0.507797 0.684123
-0.498916 -0.795108 0.344799
-0.976164 0.134916 0.170001
0.608936 -0.167722 0.775285
0.961997 -0.224832 0.154959
0.576101 -0.812106 0.092688
-0.387069 0.879583 0.276608
-0.430859 0.401725 0.808071
-0.407131 0.91336 0.00421309
0.00374258 0.568701 0.822536
-0.730453 -0.45301 0.511098
-0.175736 0.378682 0.908689
-0.504094 0.594823 0.626159
0.44852 0.624241 0.63965
0.16932 0.0746704 0.982728
-0.719038 0.499672 0.483024
0.175641 -0.959585 0.21988
-0.600541 0.187231 0.777364
0.124574 -0.364323 0.922903
-0.362467 -0.921157 0.141732
-0.244485 -0.881001 0.405048
-0.614593 0.778863 0.125097
0.320145 0.946861 0.0310105
0.88383 -0.465473 0.0466791
0.000877401 -0.583715 0.811958
-0.280722 -0.101453 0.954412
-0.329102 0.783061 0.527737
0.368307 0.244374 0.897013
-0.150595 -0.359912 0.920752
0.899301 -0.147757 0.411613
-0.870777 -0.404617 0.279344
0.999985 0.00261696 0.00473839
0.123488 0.8753 0.467547
0.550219 -0.44471 0.706747
-0.414084 -0.319481 0.85233
-0.0737785 0.773101 0.629977
-0.750076 -0.0125069 0.661233
-0.715219 -0.630578 0.301384
-0.00989491 -0.134034 0.990927
0.41455 -0.0266327 0.909637
-0.77923 0.583799 0.227991
0.898542 0.127327 0.420013
0.15962 -0.741442 0.651755
0.67792 -0.550566 0.487136
0.545274 0.38821 0.742947
0.740822 0.621925 0.253757
-0.913068 0.401565 0.0710825
0.674954 0.52355 0.519936
-0.614707 -0.782962 0.0954251
-0.097709 -0.976385 0.192678
0.752536 -0.304066 0.584152
0.851987 -0.406346 0.330153
0.189929 0.710429 0.677656
0.386895 -0.297945 0.872663
-0.135395 0.913967 0.382535
-0.531079 -0.0705002 0.844384
0.437294 -0.67118 0.598574
-0.114414 -0.762246 0.637096
-0.258773 0.608541 0.750143
0.608131 0.123462 0.784177
-0.904058 0.056269 0.42369
0.341017 0.891008 0.299687
-0.577486 0.716867 0.390656
-0.778646 0.247766 0.576474
-0.271745 -0.563248 0.780325
-0.881128 0.333037 0.335707
