0.820316 0.495441 0.285692
0.443067 -0.896061 0.0276732
0.62329 -0.0168743 0.781808
0.601744 0.272004 0.750945
0.937242 0.335606 0.0945812
0.00578686 -0.937775 0.347195
-0.626967 0.673552 0.391459
0.143953 0.818581 0.55606
0.0751426 0.466627 0.881256
-0.255667 -0.930712 0.261553
-0.810834 0.474767 0.342263
0.789957 -0.541191 0.288236
0.439098 -0.847395 0.298521
0.354475 0.390139 0.849787
0.211962 0.972812 0.093318
0.215461 -0.632152 0.744285
0.406053 0.735845 0.541898
-0.732638 0.666598 0.137436
-0.284334 0.680023 0.675812
-0.91833 -0.256138 0.301768
0.168551 0.220263 0.960768
-0.119831 -0.240039 0.963339
-0.849976 -0.501704 0.160727
-0.454327 0.477466 0.752072
-0.0736818 -0.667541 0.740918
0.360489 -0.756248 0.546019
0.775285 -0.167722 0.608936
-0.482487 -0.444698 0.754619
-0.579925 -0.600926 0.550068
0.154959 -0.224832 0.961997
0.092688 -0.812106 0.576101
-0.176823 -0.832912 0.524396
-0.238552 0.933936 0.266189
-0.666086 0.473467 0.576332
0.822536 0.568701 0.00374258
-0.391032 0.801211 0.452941
-0.890242 0.448393 0.0800774
-0.33893 -0.662817 0.667683
-0.980058 0.198568 0.00753028
-0.226866 -0.468675 0.853742
0.63965 0.624241 0.44852
0.982728 0.0746704 0.16932
-0.80627 -0.217436 0.550137
0.21988 -0.959585 0.175641
0.922903 -0.364323 0.124574
-0.519814 0.0276607 0.853831
0.0310105 0.946861 0.320145
0.0466791 -0.465473 0.88383
-0.93165 0.236598 0.27577
0.811958 -0.583715 0.000877401
-0.622376 -0.207688 0.754662
-0.743967 0.0234268 0.667806
0.897013 0.244374 0.368307
-0.371102 0.255964 0.892617
0.411613 -0.147757 0.899301
-0.104799 0.252216 0.961979
0.00473839 0.00261696 0.999985
0.467547 0.8753 0.123488
0.706747 -0.44471 0.550219
-0.0361544 -0.996017 0.0815053
-0.341478 0.939825 0.0110144
-0.668003 -0.68026 0.301692
0.909637 -0.0266327 0.41455
-0.619902 0.257906 0.741084
-0.0608489 0.996001 0.0654109
-0.712117 -0.701383 0.0308595
-0.985955 -0.0272196 0.16478
0.420013 0.127327 0.898542
0.651755 -0.741442 0.15962
-0.958184 -0.284477 0.0309344
-0.506637 0.837237 0.205798
0.487136 -0.550566 0.67792
-0.127701 0.844395 0.520279
0.742947 0.38821 0.545274
0.253757 0.621925 0.740822
-0.385878 -0.227915 0.893954
0.519936 0.52355 0.674954
-0.430917 -0.795841 0.42538
-0.500297 -0.850058 0.164632
-0.814558 0.247588 0.52459
-0.0151104 0.680151 0.732917
-0.267906 0.0108416 0.963384
0.584152 -0.304066 0.752536
0.330153 -0.406346 0.851987
0.677656 0.710429 0.189929
0.872663 -0.297945 0.386895
0.598574 -0.67118 0.437294
-0.904918 0.00724766 0.425524
0.784177 0.123462 0.608131
0.299687 0.891008 0.341017
-0.197702 0.486348 0.851105
-0.780034 -0.46047 0.423691
