-0.016546 -0.622719 0.782271
0.827861 -0.464017 0.315174
-0.407476 -0.260476 0.87528
0.447488 -0.517054 0.729664
0.755532 0.565429 0.330851
-0.897565 0.0212432 0.440371
0.573875 0.627619 0.526082
0.09852 0.916917 0.386727
-0.086878 0.656347 0.74944
-0.258655 -0.848239 0.462156
0.890436 0.327606 0.315907
-0.263519 -0.683439 0.680786
-0.879999 0.287342 0.378201
-0.181555 0.983146 0.0214873
0.799612 -0.595599 0.0766991
-0.687984 -0.468749 0.554032
-0.0302152 -0.939313 0.341727
0.932181 -0.21176 0.293593
-0.382974 0.818179 0.428851
-0.233826 -0.470771 0.850706
-0.262182 -0.944838 0.196321
0.618571 -0.303303 0.724829
-0.142228 0.230048 0.96273
0.740285 -0.0644029 0.669201
0.208734 -0.955388 0.208961
0.653875 0.190957 0.732108
0.1252 -0.241778 0.962221
0.150935 0.220773 0.963576
-0.344056 0.671204 0.656591
-0.804408 -0.585076 0.103024
0.655331 -0.51625 0.551387
0.80265 -0.287211 0.522745
-0.484778 -0.873888 0.0361987
-0.504713 0.461757 0.729414
-0.53786 -0.0218892 0.84275
-0.746368 -0.0178905 0.665293
-0.134077 0.829309 0.542466
-0.15796 0.942568 0.294304
-0.996147 -0.0876034 0.00404087
0.461056 -0.708468 0.534322
0.318172 0.921365 0.223278
0.231662 -0.692688 0.68302
-0.481327 -0.821766 0.304999
0.443231 -0.845461 0.297895
-0.636675 -0.261469 0.725451
-0.49755 -0.679918 0.538661
0.730274 0.404207 0.550741
-0.718267 0.412512 0.560292
-0.93517 -0.351027 0.0473073
-0.949625 -0.176903 0.258685
-0.911121 0.39205 0.127104
-0.779524 0.536192 0.32379
0.93227 -0.356553 0.0611773
0.975104 0.210039 0.0710987
-0.479572 -0.485683 0.730837
0.282221 0.435143 0.854987
0.391773 -0.27985 0.876469
0.657158 -0.677601 0.330152
0.607028 -0.79006 0.085567
0.425084 0.203111 0.882071
0.122984 0.775134 0.619711
-0.0202896 -0.997683 0.0649427
-0.28995 -0.000447349 0.957042
-0.25736 0.465468 0.846821
-0.847539 -0.423515 0.319864
0.35041 0.809481 0.471119
-0.0161844 -0.811589 0.584004
-0.404204 0.237249 0.883364
0.225691 -0.856698 0.463823
-0.779109 0.623584 0.0642823
-0.975075 0.109457 0.192999
0.531674 -0.0464804 0.845673
-0.0029715 -0.00276404 0.999992
-0.573883 0.639912 0.511049
0.3511 0.638423 0.684942
-0.397773 0.90187 0.168545
0.0722602 0.989642 0.124042
0.205905 -0.479562 0.853008
0.526557 0.433385 0.731379
-0.148538 -0.234909 0.960601
0.880654 0.466896 0.0803554
0.995388 -0.0712876 0.0641893
-0.613741 0.744996 0.261348
0.283822 -0.0185995 0.958697
-0.636294 0.2218 0.738874
0.719879 0.688396 0.0887973
-0.685127 -0.642798 0.342654
-0.82389 -0.234064 0.516158
0.511134 0.858597 0.0394094
0.558087 0.775204 0.295969
0.0115361 0.446221 0.894849
0.834349 0.151784 0.529928
0.952022 0.0612778 0.299833
