-0.0455209 0.263391 0.963615
0.320147 0.842674 0.432905
-0.27172 0.612256 0.742503
0.603029 0.432775 0.670121
0.370951 0.522023 0.768041
-0.495602 0.466685 0.732519
0.94845 -0.11 0.297226
0.255164 0.137976 0.957002
0.4795 -0.248874 0.841512
0.702887 0.549623 0.451514
0.449757 -0.498515 0.741081
0.747704 0.632717 0.201512
0.490167 0.658191 0.57142
-0.406121 0.846981 0.34306
-0.885509 0.432994 0.168494
-0.201403 -0.130024 0.97084
-0.0313631 0.71876 0.69455
-0.210671 -0.942768 0.258469
-0.791504 -0.60441 0.0906051
-0.670061 0.513886 0.535668
-0.0710283 -0.702279 0.708349
-0.470412 -0.0409008 0.881499
-0.304941 0.94527 0.116089
-0.404534 -0.823244 0.398274
-0.0447535 0.995647 0.0817557
0.299922 -0.877384 0.374492
0.268306 -0.128924 0.954668
-0.803454 -0.156791 0.57435
0.607357 0.793392 0.0405756
0.396798 -0.720878 0.568231
-0.747678 0.654673 0.111265
0.152485 0.95424 0.257245
0.855261 -0.513123 0.0723475
0.129153 -0.811898 0.569334
-0.463156 0.679759 0.568695
0.0338579 -0.256681 0.965903
0.675315 -0.733203 0.0797633
0.554869 0.762021 0.333834
0.929814 0.153999 0.33426
-0.627553 0.697407 0.346122
-0.840557 0.345736 0.417049
-0.274706 0.126353 0.95319
0.0587452 0.868426 0.492326
-0.387742 -0.294895 0.873323
0.829146 0.0462283 0.557118
-0.953916 0.183938 0.23709
-0.610251 -0.754251 0.242279
0.880742 -0.368514 0.297474
-0.936761 -0.0600341 0.344782
0.831053 -0.21717 0.512044
-0.496787 0.221626 0.839098
0.182234 0.389309 0.9029
0.232725 0.720092 0.653687
-0.546036 0.830027 0.113579
-0.331112 -0.694355 0.638933
0.255058 -0.386886 0.886152
0.398743 0.901578 0.167814
0.998351 -0.00341867 0.0573007
-0.753353 -0.556305 0.350691
-0.160268 -0.84896 0.503569
0.657742 -0.347267 0.668416
0.0403374 -0.935914 0.349912
-0.230743 0.808728 0.541033
0.541338 -0.766483 0.345625
-0.871964 -0.31782 0.372384
-0.963912 -0.227482 0.138293
-0.713333 -0.408325 0.569584
0.479225 0.0159196 0.877548
0.96157 0.259163 0.0906499
0.456662 -0.88154 0.11978
-0.840287 0.104479 0.531979
-0.617559 -0.236233 0.75021
-0.563573 -0.644285 0.516994
0.217589 -0.630795 0.744818
-0.427746 -0.897254 0.109402
0.667108 0.178821 0.723181
-0.2478 -0.516187 0.819845
0.452734 0.280023 0.846534
0.961332 -0.268007 0.0633428
0.204921 -0.968437 0.141901
0.0154178 -0.503077 0.864104
-0.287057 0.382554 0.878209
-0.503366 -0.479665 0.71871
0.865192 0.409413 0.289522
0.743473 -0.597786 0.299833
-0.1383 0.935624 0.324779
0.676859 -0.0881255 0.730818
0.618539 -0.575477 0.535009
0.792195 0.309084 0.526207
-0.691146 0.281372 0.665693
0.0254363 0.00828079 0.999642
-0.999287 0.0160758 0.0341668
-0.0525274 0.509213 0.859036
-0.681985 0.0224086 0.731023
