0.748815 -0.300738 0.590621
0.480842 0.611056 0.62881
-0.684987 0.505819 0.524347
-0.869603 -0.43317 0.236968
0.777266 -0.614278 0.136086
0.0129671 0.972511 0.232495
0.151737 -0.552083 0.819866
-0.693157 0.0799868 0.716335
-0.712423 0.639165 0.289692
0.910441 -0.383021 0.156179
0.324998 0.489448 0.809208
-0.377053 -0.0985297 0.920936
-0.847729 0.412467 0.333508
0.118117 0.87979 0.460454
0.641383 0.643859 0.417221
-0.662492 0.747393 0.0500826
-0.932051 -0.172615 0.318566
-0.991611 0.00673614 0.12908
0.620487 -0.53495 0.573432
-0.115787 -0.559087 0.820984
-0.36431 0.382983 0.848883
0.558233 0.379271 0.737922
-0.604321 0.332309 0.724132
0.0316126 0.094448 0.995028
-0.0830856 -0.973287 0.214031
-0.250274 0.949298 0.190254
-0.743294 -0.652136 0.14911
-0.471986 0.560748 0.680287
-0.805385 -0.336672 0.487859
-0.0608188 -0.883196 0.465043
0.295504 0.0956313 0.950543
-0.62012 -0.467048 0.630331
0.839208 -0.0307845 0.542939
-0.524896 0.712209 0.466093
0.277357 0.927657 0.250051
-0.252471 -0.344573 0.904172
0.522045 0.815435 0.250071
0.37299 0.79897 0.471726
-0.713383 -0.573246 0.40308
-0.107552 0.36925 0.923086
0.438924 -0.726428 0.528818
-0.49056 0.839607 0.233263
-0.478615 -0.681045 0.55417
0.307239 -0.344866 0.886945
0.59131 -0.801321 0.0907612
0.181795 -0.95212 0.2458
0.883974 0.466743 0.027227
-0.841245 0.534757 0.079637
0.16423 -0.137285 0.976822
-0.555517 -0.770028 0.31378
-0.849469 -0.0264472 0.526975
-0.03307 0.756379 0.653297
-0.230989 0.135266 0.963508
-0.926565 0.152717 0.343738
0.66763 -0.0930267 0.738658
-0.294944 0.744312 0.599173
-0.563262 -0.824646 0.0519102
0.957104 0.0118718 0.289501
0.228037 0.701725 0.674967
0.872728 0.219145 0.436259
-0.50005 -0.308331 0.809248
0.549689 -0.331608 0.766732
-0.341242 -0.925956 0.161741
0.426439 -0.855211 0.294557
-0.374325 -0.538282 0.755072
-0.230564 -0.732673 0.640336
0.999121 0.0328506 0.0260365
0.0352172 -0.741094 0.670477
-0.196715 0.582701 0.78852
0.729134 0.183617 0.659279
0.166085 0.98602 0.0134253
0.403534 -0.55263 0.729219
0.792556 -0.480136 0.375931
0.446303 -0.116217 0.887304
0.20308 -0.847134 0.491043
-0.147578 0.890542 0.430297
-0.118704 -0.12673 0.984809
-0.703862 -0.187054 0.685266
0.730246 0.421858 0.53738
-0.965577 -0.251825 0.0651474
0.837337 0.460176 0.295136
0.0659799 0.553341 0.830337
-0.322044 -0.849676 0.417538
0.896092 -0.233362 0.377574
-0.479983 0.14224 0.86567
0.632386 -0.692572 0.347033
-0.79384 0.262539 0.548536
0.727238 0.666321 0.164747
0.15589 0.323298 0.933368
0.534312 0.131057 0.835066
0.0131818 -0.354219 0.93507
0.952264 0.252242 0.171951
0.360805 -0.931478 0.0465753
0.421573 0.906587 0.0193859
-0.949069 0.292647 0.11673
