-0.984977 0.101524 0.139691
-0.170918 -0.942228 0.288085
-0.0995639 0.287902 0.95247
-0.609621 -0.745639 0.269043
0.71169 0.215905 0.668493
0.773157 0.620696 0.130248
0.81472 -0.481747 0.322725
0.195744 -0.123557 0.97284
0.958902 0.202982 0.198255
0.24686 -0.374776 0.893646
-0.0224585 -0.283142 0.958815
0.270563 -0.601309 0.751813
-0.648472 -0.43042 0.627872
0.500606 -0.783069 0.369048
-0.682889 0.7302 0.0217118
-0.426363 -0.893893 0.138451
-0.326684 0.897634 0.295856
0.686362 -0.466581 0.557862
0.868263 0.207194 0.450767
-0.179267 -0.651017 0.737591
-0.199371 -0.979632 0.0239135
-0.187546 0.725504 0.662171
0.291428 -0.918019 0.268905
-0.617708 0.43601 0.65447
0.443194 -0.192794 0.875448
-0.627498 -0.778611 0.00335786
-0.160798 -0.828207 0.536859
0.061289 -0.74476 0.664512
-0.185304 0.980581 0.0642081
0.852909 0.427945 0.299015
0.442096 0.809094 0.387193
-0.4065 0.757749 0.510465
-0.467839 -0.302079 0.830587
0.504571 -0.856215 0.110922
0.10091 0.453253 0.885652
-0.77152 0.591628 0.233953
0.485247 -0.640141 0.595613
-0.675934 -0.178165 0.715101
-0.425016 -0.544254 0.72329
0.693031 -0.690714 0.206449
0.0580792 -0.986155 0.155322
0.0277855 -0.523823 0.851374
0.267143 0.765142 0.585826
-0.0501199 -0.0192273 0.998558
0.0646278 -0.908812 0.41217
0.0161166 0.844913 0.534661
0.339952 0.932307 0.123435
-0.982076 -0.178489 0.0605605
0.501791 0.635012 0.587338
0.0822129 0.993355 0.0805467
0.283362 -0.802318 0.52535
-0.826471 -0.295467 0.479212
0.310164 0.567606 0.762641
-0.906171 0.17231 0.386216
-0.83397 -0.0369196 0.550573
0.71999 0.44639 0.531367
0.198374 0.915228 0.350722
-0.265894 -0.170743 0.948761
0.995216 -0.0395352 0.0893421
-0.153037 0.52507 0.837187
0.68388 -0.233719 0.691147
0.574886 0.8037 0.153533
0.13981 0.168916 0.975664
-0.763249 0.215181 0.60922
-0.38966 -0.831126 0.396731
0.380929 0.0639447 0.92239
0.935842 -0.0325105 0.350916
-0.0638449 0.951275 0.301662
0.938276 -0.266791 0.22014
-0.566229 0.782991 0.257506
-0.569093 0.212286 0.794397
-0.788713 -0.601926 0.124963
-0.348906 0.3449 0.871383
0.659899 0.653192 0.371313
0.336988 0.325749 0.883361
-0.553395 -0.654553 0.515087
-0.910816 0.364435 0.193912
-0.632647 0.621885 0.461537
0.541136 0.412874 0.732603
-0.439782 0.896714 0.0499641
-0.944342 -0.0984822 0.313879
0.809208 -0.0204674 0.587166
-0.900375 -0.36826 0.231755
0.281244 -0.959628 0.00402711
-0.287764 0.0966531 0.952812
-0.753504 -0.534822 0.382359
-0.233999 -0.426383 0.873751
-0.393432 0.56532 0.725
0.910998 0.410879 0.0355286
0.504309 -0.423383 0.752609
-0.502129 -0.0380594 0.863955
0.608218 0.00237365 0.793766
0.0649555 0.673355 0.73646
-0.800358 0.414349 0.433293
0.847618 -0.527166 0.0603311
0.8401 -0.262187 0.474859
