0.799683 -0.172029 0.57525
-0.118758 -0.207415 0.971018
0.570544 0.476159 0.669143
-0.586862 0.324533 0.741803
0.756688 -0.566213 0.326843
0.144746 -0.942738 0.300491
0.566838 -0.82371 0.0140332
-0.719068 0.101726 0.687455
0.500435 -0.489687 0.713983
0.136912 -0.271657 0.952606
0.756061 -0.650046 0.0762338
0.73228 0.502384 0.459757
0.708545 -0.421029 0.566302
-0.393731 0.534876 0.747585
0.252572 -0.0344863 0.966963
0.702447 0.0433596 0.710414
-0.0144073 -0.47561 0.879538
0.0780344 0.61366 0.785705
0.495702 -0.00248544 0.868489
0.519832 0.68316 0.5129
0.661258 0.691903 0.289841
0.144942 -0.829556 0.539286
-0.348825 -0.779642 0.520076
-0.96425 0.259955 0.0514336
0.895838 -0.42919 0.115197
-0.513316 0.0935739 0.853083
0.323384 0.215979 0.92129
0.53504 0.837741 0.109193
-0.804441 -0.124499 0.580839
-0.518531 -0.843392 0.140771
0.878896 0.30204 0.369207
-0.769096 0.534763 0.350028
0.999938 0.0107359 0.00297032
0.576919 -0.641864 0.505149
-0.621879 -0.133195 0.771703
-0.698058 0.698947 0.155527
-0.565808 -0.733589 0.376443
-0.00211523 0.0279787 0.999606
-0.274714 0.055069 0.959948
-0.970713 0.0661457 0.230959
-0.603831 0.538894 0.587351
-0.510962 -0.373204 0.774362
-0.900836 0.310458 0.303497
-0.304229 -0.9521 0.0308138
0.741302 0.283918 0.608163
0.350416 -0.691204 0.632017
-0.773413 0.34376 0.532599
0.0839396 0.932334 0.351721
0.866283 -0.330534 0.374567
0.861776 0.0741196 0.501844
-0.113099 0.264137 0.957831
0.308771 0.673486 0.671623
0.268211 -0.47337 0.839038
0.949757 0.291153 0.114858
-0.366958 0.926333 0.0851347
-0.116564 -0.755161 0.645092
-0.719142 -0.673827 0.169681
-0.861181 0.497608 0.103693
-0.148276 0.962034 0.229137
-0.709318 -0.370317 0.599777
0.733221 0.679043 0.0358934
-0.0847428 -0.98089 0.17514
-0.14772 0.710526 0.687992
-0.964739 -0.192901 0.179073
-0.874244 0.106722 0.473612
0.308162 0.832442 0.460517
-0.395458 -0.172762 0.90209
0.142276 -0.989013 0.0401235
0.391486 -0.244615 0.887075
0.615355 -0.252069 0.74686
-0.309957 -0.905182 0.290812
0.554089 0.244742 0.795668
0.966573 -0.182879 0.1797
-0.865753 -0.304411 0.397248
-0.382563 0.728577 0.568174
0.834661 0.508846 0.210754
-0.553682 -0.5838 0.593813
0.0826532 0.992106 0.0943133
-0.361686 0.308344 0.879834
-0.579877 0.714541 0.391373
-0.0834577 -0.900459 0.426859
0.11144 -0.662176 0.741015
0.35221 0.456975 0.816775
-0.268426 -0.402897 0.874998
-0.368018 0.864605 0.342082
0.117172 0.386447 0.914838
-0.32427 -0.611076 0.722105
0.588549 -0.762018 0.270072
-0.152685 0.502556 0.850955
0.375132 -0.83161 0.409512
-0.140253 0.86817 0.476035
-0.870413 -0.45749 0.181892
0.0842367 0.798122 0.596578
0.963631 0.0694828 0.258046
0.366672 -0.916588 0.159431
0.309183 0.926695 0.213639
-0.742522 -0.538353 0.398545
