0.874438 0.00842911 0.485063
0.596534 -0.189755 0.779834
-0.994063 0.0745027 0.0792957
0.170166 -0.984816 0.0343596
0.906225 -0.221519 0.360118
0.990064 0.088508 0.109267
0.931702 0.348765 0.101465
0.777436 -0.217631 0.59011
0.815573 0.456955 0.355011
-0.575034 -0.817926 0.0182517
0.383164 0.276365 0.881367
-0.249348 0.891019 0.379356
-0.225854 0.569689 0.790218
0.0473404 -0.567377 0.822096
-0.468315 0.554588 0.687832
0.0278575 0.528257 0.848627
-0.215209 -0.561403 0.799069
0.437155 -0.398045 0.806509
-0.026566 0.0970932 0.994921
0.239511 0.805525 0.542
-0.00137496 0.883452 0.46852
0.442656 -0.61319 0.654258
0.200561 -0.716626 0.667998
-0.28521 0.122368 0.950622
0.244767 0.62908 0.737799
-0.426393 -0.0943398 0.899605
0.469836 0.679159 0.563912
0.370698 -0.796012 0.478485
-0.324583 -0.336997 0.883787
0.44572 0.82559 0.346026
0.152251 0.986546 0.0595518
-0.76276 -0.543312 0.350726
-0.381361 0.365162 0.849247
0.0869202 -0.140695 0.98623
0.650512 0.661745 0.372729
-0.807382 0.257489 0.53088
-0.684539 -0.440753 0.580641
-0.612397 -0.743592 0.268404
0.510469 0.0466387 0.85863
0.196138 -0.36785 0.908964
-0.817284 0.565725 0.109552
-0.89784 -0.405813 0.170878
0.614028 -0.644005 0.456319
0.80582 0.579499 0.121803
0.464948 0.484144 0.741234
-0.834976 0.434589 0.337561
-0.932333 0.186226 0.309958
-0.95897 -0.115054 0.259114
0.788259 -0.449477 0.42026
0.892164 -0.414046 0.180581
-0.938729 0.332499 0.0907292
-0.670163 0.52948 0.520128
0.643361 -0.765077 0.0272653
0.0172677 -0.96848 0.248493
0.919329 0.216019 0.328893
-0.625146 0.3431 0.701053
0.252266 0.0635885 0.965566
-0.875483 -0.0041493 0.48323
0.792167 0.248162 0.557573
-0.0612777 -0.746726 0.662303
-0.55306 -0.658277 0.510682
0.401317 0.91042 0.100404
-0.756224 -0.19111 0.625781
-0.1757 -0.119567 0.977156
-0.475163 0.843018 0.252072
-0.242517 -0.947381 0.208938
-0.46254 -0.521452 0.717038
-0.672989 0.675723 0.300804
0.276817 -0.922973 0.267381
-0.257868 0.753854 0.604325
-0.132764 0.336657 0.932221
0.205312 0.927953 0.311046
-0.773778 -0.626109 0.0962065
-0.290856 0.951726 0.098086
0.609811 0.263971 0.747295
-0.977662 -0.209729 0.0137873
-0.491406 0.722677 0.486063
-0.39555 -0.831655 0.389731
0.527945 -0.806171 0.267137
-0.143898 -0.880879 0.450938
0.636976 -0.436005 0.635737
0.978332 -0.174851 0.110878
0.744643 -0.627338 0.227934
-0.31944 -0.719996 0.616088
-0.858727 -0.305409 0.411476
0.666307 0.479404 0.571145
-0.00737097 0.730342 0.683042
0.717537 0.0289104 0.69592
-0.0661289 -0.355141 0.932471
0.623927 0.769942 0.133805
0.11874 -0.873332 0.472431
-0.523519 0.143349 0.839868
0.128574 0.304049 0.94394
-0.56154 -0.284587 0.77697
0.421287 -0.90568 0.0475464
-0.0575248 0.974089 0.218728
-0.723246 0.0630065 0.68771
0.367784 -0.167842 0.914639
