0.444633 0.673503 0.590504
0.900115 0.391768 0.190555
-0.224927 0.133817 0.965143
-0.148858 -0.987068 0.0594822
-0.626235 -0.336005 0.703513
0.647299 0.510951 0.565627
-0.900224 0.200236 0.386655
0.987503 -0.0356223 0.153524
-0.66889 0.690179 0.276116
0.935392 0.164119 0.313221
-0.632803 0.581905 0.510829
-0.977084 -0.176077 0.119597
-0.615455 -0.659492 0.431608
-0.00807649 0.887606 0.460533
0.0349644 0.508578 0.860306
-0.190921 0.384997 0.902954
-0.562999 0.426039 0.708183
-0.799946 -0.197378 0.566682
-0.207282 -0.633487 0.745472
-0.903539 -0.422182 0.0733493
0.651612 -0.424866 0.628404
0.441837 -0.43754 0.78316
-0.00140291 -0.517145 0.855897
-0.788018 -0.555304 0.26583
0.431509 0.820393 0.375174
-0.248931 0.903501 0.348882
0.228623 0.810647 0.539057
-0.216786 0.785611 0.579499
0.215766 -0.379212 0.899802
-0.231404 -0.127091 0.964521
0.0348626 0.268493 0.962651
0.665006 -0.722655 0.188514
0.45194 -0.0289918 0.891577
-0.603555 -0.772669 0.196736
0.817066 0.339648 0.465878
-0.745636 -0.443142 0.497647
0.256918 0.131453 0.957451
0.238869 -0.600393 0.763197
-0.982191 0.0799428 0.170029
-0.418173 0.635071 0.649474
0.979705 0.197211 0.0358662
-0.387959 -0.912108 0.132467
-0.188118 0.609602 0.770063
0.222034 -0.127028 0.966729
-0.758276 -0.651454 0.0250273
-0.421491 -0.825103 0.376232
0.587583 -0.221089 0.778374
0.249028 0.610871 0.751547
0.0471683 -0.880891 0.470963
-0.655839 -0.0810006 0.750543
-0.00209292 0.00249433 0.999995
0.477201 -0.631045 0.611605
-0.188025 -0.928082 0.321418
-0.661911 0.749541 0.00786569
0.679497 0.278061 0.678944
0.822213 -0.357863 0.442605
-0.456377 0.0137152 0.889681
0.662786 0.0270169 0.748321
-0.486596 0.853647 0.18577
-0.45992 0.775105 0.433227
-0.221713 -0.38328 0.896627
-0.89163 -0.321657 0.318643
0.263964 -0.776484 0.572185
0.933915 -0.282491 0.219094
0.204063 0.92928 0.30789
0.430072 0.894143 0.124687
-0.440848 -0.245479 0.863362
0.456132 -0.875944 0.15705
0.824321 -0.519269 0.225509
0.467498 0.468101 0.749885
-0.63783 0.179362 0.749001
-0.189872 -0.810346 0.554335
0.680638 -0.592686 0.430644
0.496278 -0.77371 0.393803
0.0268284 0.729587 0.683361
0.194414 0.979542 0.0519679
-0.806625 0.0626753 0.587731
0.776768 -0.161719 0.60867
-0.266104 0.959304 0.0944723
-0.757479 0.323352 0.567159
0.825709 0.0948862 0.556058
-0.923964 -0.0691497 0.376176
-0.927633 0.335115 0.164907
-0.422715 0.271316 0.864696
0.626281 0.748823 0.216879
-0.818995 0.564367 0.103619
-0.809072 0.467681 0.355918
-0.415427 -0.686207 0.597109
0.0510383 -0.972636 0.226661
-0.42205 -0.486486 0.764987
-0.0359374 0.975638 0.216424
-0.00467132 -0.256334 0.966577
0.485003 0.225652 0.844898
0.26199 0.382437 0.88606
0.273321 -0.899084 0.341969
0.793806 0.602896 0.079926
0.91309 -0.0927399 0.397072
0.759499 0.557802 0.334691
0.027015 -0.729976 0.682939
